#integrated ctr data(1000uM pb on rcut hematite, zero inten free)
#h 	k 	l 	I 	Ier 	Bl 		DL
0.000 0.000 0.611 23.180 2.228 2.000 2.000
0.000 0.000 0.811 30.640 2.608 2.000 2.000
0.000 0.000 1.211 47.563 4.245 2.000 2.000
0.000 0.000 1.411 61.162 5.813 2.000 2.000
0.000 0.000 1.611 78.970 7.594 2.000 2.000
0.000 0.000 1.744 93.217 10.216 2.000 2.000
0.000 0.000 1.811 106.477 12.264 2.000 2.000
0.000 0.000 1.878 133.319 17.091 2.000 2.000
0.000 0.000 1.944 268.680 25.861 2.000 2.000
0.000 0.000 2.078 354.169 31.946 2.000 2.000
0.000 0.000 2.144 256.212 23.466 2.000 2.000
0.000 0.000 2.211 224.439 18.235 2.000 2.000
0.000 0.000 2.278 210.644 15.647 2.000 2.000
0.000 0.000 2.411 187.394 12.608 2.000 2.000
0.000 0.000 2.611 159.849 10.356 2.000 2.000
0.000 0.000 2.811 137.202 9.059 2.000 2.000
0.000 0.000 3.011 123.714 8.997 2.000 2.000
0.000 0.000 3.211 112.332 9.169 2.000 2.000
0.000 0.000 3.411 117.950 10.551 2.000 2.000
0.000 0.000 3.611 151.396 14.345 2.000 2.000
0.000 0.000 3.744 206.081 20.596 2.000 2.000
0.000 0.000 3.811 270.549 27.582 2.000 2.000
0.000 0.000 3.878 400.967 43.124 2.000 2.000
0.000 0.000 3.944 876.203 75.487 2.000 2.000
0.000 0.000 4.078 615.850 59.360 2.000 2.000
0.000 0.000 4.144 338.136 37.690 2.000 2.000
0.000 0.000 4.211 232.933 25.920 2.000 2.000
0.000 0.000 4.278 179.849 20.202 2.000 2.000
0.000 0.000 4.411 116.735 14.417 2.000 2.000
0.000 0.000 4.611 66.022 10.592 2.000 2.000
0.000 0.000 4.811 42.147 8.972 2.000 2.000
0.000 0.000 5.011 46.903 9.739 2.000 2.000
0.000 0.000 5.211 54.840 10.446 2.000 2.000
0.000 0.000 5.411 69.298 12.443 2.000 2.000
-0.000 2.000 -6.691 27.530 8.566 -6.278 2.000
-0.000 2.000 -6.611 34.581 10.187 -6.278 2.000
-0.000 2.000 -6.558 46.027 12.701 -6.278 2.000
-0.000 2.000 -6.531 50.938 13.364 -6.278 2.000
-0.000 2.000 -6.504 56.931 14.166 -6.278 2.000
-0.000 2.000 -6.478 62.059 16.554 -6.278 2.000
-0.000 2.000 -6.451 71.255 16.560 -6.278 2.000
-0.000 2.000 -6.424 78.218 18.366 -6.278 2.000
-0.000 2.000 -6.398 89.529 21.008 -6.278 2.000
-0.000 2.000 -6.371 117.821 25.593 -6.278 2.000
-0.000 2.000 -6.344 160.170 30.546 -6.278 2.000
-0.000 2.000 -6.211 137.257 28.587 -6.278 2.000
-0.000 2.000 -6.184 101.796 23.196 -6.278 2.000
-0.000 2.000 -6.158 79.750 19.165 -6.278 2.000
-0.000 2.000 -6.131 64.179 16.686 -6.278 2.000
-0.000 2.000 -6.104 54.814 15.001 -6.278 2.000
-0.000 2.000 -6.078 50.629 13.790 -6.278 2.000
-0.000 2.000 -6.051 39.973 11.445 -6.278 2.000
-0.000 2.000 -6.024 39.369 10.714 -6.278 2.000
-0.000 2.000 -5.998 31.555 9.567 -6.278 2.000
-0.000 2.000 -5.971 30.621 9.232 -6.278 2.000
-0.000 2.000 -5.891 20.898 7.696 -6.278 2.000
-0.000 2.000 -5.811 14.264 6.709 -6.278 2.000
-0.000 2.000 -5.651 14.027 6.153 -6.278 2.000
-0.000 2.000 -5.571 13.818 5.821 -6.278 2.000
-0.000 2.000 -5.491 15.637 5.773 -6.278 2.000
-0.000 2.000 -5.411 16.932 5.675 -6.278 2.000
-0.000 2.000 -5.331 17.451 6.709 -6.278 2.000
-0.000 2.000 -5.251 20.083 6.583 -6.278 2.000
-0.000 2.000 -5.171 24.518 6.608 -6.278 2.000
-0.000 2.000 -5.091 28.615 6.581 -6.278 2.000
-0.000 2.000 -5.011 34.676 6.896 -6.278 2.000
-0.000 2.000 -4.931 44.563 7.182 -6.278 2.000
-0.000 2.000 -4.851 51.797 7.600 -6.278 2.000
-0.000 2.000 -4.771 65.858 8.245 -6.278 2.000
-0.000 2.000 -4.691 85.028 9.225 -6.278 2.000
-0.000 2.000 -4.611 111.668 10.865 -6.278 2.000
-0.000 2.000 -4.558 140.288 12.603 -6.278 2.000
-0.000 2.000 -4.531 156.989 13.765 -6.278 2.000
-0.000 2.000 -4.504 178.119 15.272 -6.278 2.000
-0.000 2.000 -4.478 207.417 17.365 -6.278 2.000
-0.000 2.000 -4.451 241.908 19.985 -6.278 2.000
-0.000 2.000 -4.424 290.435 23.999 -6.278 2.000
-0.000 2.000 -4.398 359.873 30.139 -6.278 2.000
-0.000 2.000 -4.371 482.910 41.713 -6.278 2.000
-0.000 2.000 -4.344 689.835 56.933 -6.278 2.000
-0.000 2.000 -4.211 575.532 48.643 -6.278 2.000
-0.000 2.000 -4.184 426.289 36.560 -6.278 2.000
-0.000 2.000 -4.158 336.560 27.758 -6.278 2.000
-0.000 2.000 -4.131 274.823 22.184 -6.278 2.000
-0.000 2.000 -4.104 237.409 18.811 -6.278 2.000
-0.000 2.000 -4.078 205.262 16.257 -6.278 2.000
-0.000 2.000 -4.051 182.744 14.412 -6.278 2.000
-0.000 2.000 -4.024 163.060 12.968 -6.278 2.000
-0.000 2.000 -3.998 146.480 11.796 -6.278 2.000
-0.000 2.000 -3.971 134.903 10.904 -6.278 2.000
-0.000 2.000 -3.891 104.527 8.921 -6.278 2.000
-0.000 2.000 -3.811 84.048 7.669 -6.278 2.000
-0.000 2.000 -3.731 68.606 6.824 -6.278 2.000
-0.000 2.000 -3.651 57.832 6.210 -6.278 2.000
-0.000 2.000 -3.571 47.834 5.774 -6.278 2.000
-0.000 2.000 -3.491 40.674 5.427 -6.278 2.000
-0.000 2.000 -3.411 33.121 5.133 -6.278 2.000
-0.000 2.000 -3.331 25.763 4.985 -6.278 2.000
-0.000 2.000 -3.251 23.255 4.875 -6.278 2.000
-0.000 2.000 -3.171 20.564 4.974 -6.278 2.000
-0.000 2.000 -3.091 15.978 4.708 -6.278 2.000
-0.000 2.000 -3.011 14.383 4.849 -6.278 2.000
-0.000 2.000 -2.931 12.769 4.163 -6.278 2.000
-0.000 2.000 -2.851 10.966 4.202 -6.278 2.000
-0.000 2.000 -2.771 10.337 4.414 -6.278 2.000
-0.000 2.000 -2.691 10.858 4.126 -6.278 2.000
-0.000 2.000 -2.611 13.295 4.793 -6.278 2.000
-0.000 2.000 -2.558 16.815 5.338 -6.278 2.000
-0.000 2.000 -2.531 19.915 5.732 -6.278 2.000
-0.000 2.000 -2.504 24.698 7.393 -6.278 2.000
-0.000 2.000 -2.478 29.125 7.891 -6.278 2.000
-0.000 2.000 -2.451 36.796 8.536 -6.278 2.000
-0.000 2.000 -2.424 44.759 9.408 -6.278 2.000
-0.000 2.000 -2.398 57.450 10.686 -6.278 2.000
-0.000 2.000 -2.371 80.773 13.176 -6.278 2.000
-0.000 2.000 -2.344 125.303 15.935 -6.278 2.000
-0.000 2.000 -2.211 105.816 15.337 -6.278 2.000
-0.000 2.000 -2.184 83.071 12.925 -6.278 2.000
-0.000 2.000 -2.158 71.870 11.043 -6.278 2.000
-0.000 2.000 -2.131 65.187 9.640 -6.278 2.000
-0.000 2.000 -2.104 58.258 8.711 -6.278 2.000
-0.000 2.000 -2.078 53.140 7.958 -6.278 2.000
-0.000 2.000 -2.051 50.371 7.410 -6.278 2.000
-0.000 2.000 -2.024 47.492 6.916 -6.278 2.000
-0.000 2.000 -1.998 46.525 6.560 -6.278 2.000
-0.000 2.000 -1.971 43.282 6.222 -6.278 2.000
-0.000 2.000 -1.891 42.193 5.420 -6.278 2.000
-0.000 2.000 -1.811 42.607 4.874 -6.278 2.000
-0.000 2.000 -1.731 44.242 4.480 -6.278 2.000
-0.000 2.000 -1.651 46.655 4.208 -6.278 2.000
-0.000 2.000 -1.571 49.606 3.990 -6.278 2.000
-0.000 2.000 -1.491 53.616 3.837 -6.278 2.000
-0.000 2.000 -1.411 57.120 3.693 -6.278 2.000
-0.000 2.000 -1.331 61.726 3.659 -6.278 2.000
-0.000 2.000 -1.251 65.122 3.611 -6.278 2.000
-0.000 2.000 -1.171 70.292 3.589 -6.278 2.000
-0.000 2.000 -1.091 75.577 3.565 -6.278 2.000
-0.000 2.000 -1.011 81.167 3.719 -6.278 2.000
-0.000 2.000 -0.931 87.392 3.847 -6.278 2.000
-0.000 2.000 -0.851 95.640 4.070 -6.278 2.000
-0.000 2.000 -0.771 106.892 4.448 -6.278 2.000
-0.000 2.000 -0.691 122.677 5.085 -6.278 2.000
-0.000 2.000 -0.611 139.688 5.973 -6.278 2.000
0.000 2.000 0.611 13.045 1.442 1.722 2.000
0.000 2.000 0.691 11.164 1.878 1.722 2.000
0.000 2.000 0.851 15.930 2.069 1.722 2.000
0.000 2.000 0.931 21.062 2.193 1.722 2.000
0.000 2.000 1.011 27.508 2.484 1.722 2.000
0.000 2.000 1.091 35.299 2.843 1.722 2.000
0.000 2.000 1.171 43.472 3.270 1.722 2.000
0.000 2.000 1.251 52.086 3.792 1.722 2.000
0.000 2.000 1.331 62.520 4.489 1.722 2.000
0.000 2.000 1.411 74.003 5.426 1.722 2.000
0.000 2.000 1.438 78.662 5.846 1.722 2.000
0.000 2.000 1.464 83.464 6.342 1.722 2.000
0.000 2.000 1.491 89.309 6.920 1.722 2.000
0.000 2.000 1.518 95.991 7.662 1.722 2.000
0.000 2.000 1.544 104.529 8.590 1.722 2.000
0.000 2.000 1.571 116.032 9.886 1.722 2.000
0.000 2.000 1.598 130.478 11.641 1.722 2.000
0.000 2.000 1.624 154.736 14.691 1.722 2.000
0.000 2.000 1.651 196.167 18.323 1.722 2.000
0.000 2.000 1.784 172.756 17.231 1.722 2.000
0.000 2.000 1.811 103.420 12.508 1.722 2.000
0.000 2.000 1.838 74.226 9.628 1.722 2.000
0.000 2.000 1.864 59.363 8.199 1.722 2.000
0.000 2.000 1.891 51.503 7.293 1.722 2.000
0.000 2.000 1.918 46.224 6.698 1.722 2.000
0.000 2.000 1.944 41.972 6.267 1.722 2.000
0.000 2.000 1.971 41.031 5.968 1.722 2.000
0.000 2.000 1.998 38.974 5.671 1.722 2.000
0.000 2.000 2.051 39.206 5.275 1.722 2.000
0.000 2.000 2.131 36.963 4.887 1.722 2.000
0.000 2.000 2.211 36.972 4.638 1.722 2.000
0.000 2.000 2.291 35.597 4.452 1.722 2.000
0.000 2.000 2.371 35.061 4.358 1.722 2.000
0.000 2.000 2.451 33.227 4.267 1.722 2.000
0.000 2.000 2.531 32.985 4.151 1.722 2.000
0.000 2.000 2.611 32.870 4.205 1.722 2.000
0.000 2.000 2.691 33.364 4.275 1.722 2.000
0.000 2.000 2.771 34.915 4.343 1.722 2.000
0.000 2.000 2.851 38.034 4.426 1.722 2.000
0.000 2.000 2.931 41.645 4.661 1.722 2.000
0.000 2.000 3.011 47.307 4.921 1.722 2.000
0.000 2.000 3.091 54.247 5.269 1.722 2.000
0.000 2.000 3.171 62.185 5.747 1.722 2.000
0.000 2.000 3.251 71.883 6.400 1.722 2.000
0.000 2.000 3.331 85.116 7.332 1.722 2.000
0.000 2.000 3.411 103.146 8.765 1.722 2.000
0.000 2.000 3.438 110.634 9.405 1.722 2.000
0.000 2.000 3.464 118.852 10.194 1.722 2.000
0.000 2.000 3.491 130.493 11.165 1.722 2.000
0.000 2.000 3.518 143.099 12.407 1.722 2.000
0.000 2.000 3.544 159.195 14.081 1.722 2.000
0.000 2.000 3.571 184.375 16.391 1.722 2.000
0.000 2.000 3.598 216.177 19.680 1.722 2.000
0.000 2.000 3.624 269.133 25.874 1.722 2.000
0.000 2.000 3.651 357.748 33.047 1.722 2.000
0.000 2.000 3.784 264.011 27.808 1.722 2.000
0.000 2.000 3.811 179.702 22.002 1.722 2.000
0.000 2.000 3.838 133.017 16.805 1.722 2.000
0.000 2.000 3.864 103.919 14.041 1.722 2.000
0.000 2.000 3.891 86.589 12.238 1.722 2.000
0.000 2.000 3.918 74.951 10.923 1.722 2.000
0.000 2.000 3.944 64.050 10.077 1.722 2.000
0.000 2.000 3.971 58.335 9.385 1.722 2.000
0.000 2.000 3.998 51.872 8.824 1.722 2.000
0.000 2.000 4.051 49.214 8.081 1.722 2.000
0.000 2.000 4.131 48.639 7.358 1.722 2.000
0.000 2.000 4.211 49.287 6.947 1.722 2.000
0.000 2.000 4.291 48.287 6.698 1.722 2.000
0.000 2.000 4.371 43.862 6.334 1.722 2.000
0.000 2.000 4.451 42.261 6.162 1.722 2.000
0.000 2.000 4.531 40.138 5.931 1.722 2.000
0.000 2.000 4.611 38.601 5.956 1.722 2.000
0.000 2.000 4.691 37.187 6.004 1.722 2.000
0.000 2.000 4.771 33.307 5.492 1.722 2.000
0.000 2.000 4.851 32.111 5.272 1.722 2.000
0.000 2.000 4.931 32.260 5.541 1.722 2.000
0.000 2.000 5.011 36.238 6.348 1.722 2.000
0.000 2.000 5.091 39.635 6.988 1.722 2.000
0.000 2.000 5.171 44.653 7.483 1.722 2.000
0.000 2.000 5.251 51.288 8.207 1.722 2.000
0.000 2.000 5.331 61.020 9.250 1.722 2.000
0.000 2.000 5.411 80.408 10.910 1.722 2.000
0.000 2.000 5.438 87.137 11.681 1.722 2.000
0.000 2.000 5.464 97.679 12.671 1.722 2.000
0.000 2.000 5.491 108.934 13.824 1.722 2.000
0.000 2.000 5.518 124.087 15.442 1.722 2.000
0.000 2.000 5.544 140.290 17.526 1.722 2.000
0.000 2.000 5.571 167.795 20.393 1.722 2.000
0.000 2.000 5.598 205.393 24.770 1.722 2.000
0.000 2.000 5.624 266.535 32.342 1.722 2.000
0.000 2.000 5.651 378.539 42.363 1.722 2.000
0.000 2.000 5.784 373.125 43.244 1.722 2.000
0.000 2.000 5.811 263.605 33.635 1.722 2.000
0.000 2.000 5.838 199.148 25.755 1.722 2.000
0.000 2.000 5.864 159.791 21.368 1.722 2.000
0.000 2.000 5.891 132.664 18.417 1.722 2.000
0.000 2.000 5.918 112.393 16.371 1.722 2.000
0.000 2.000 5.944 102.204 14.826 1.722 2.000
0.000 2.000 5.971 89.472 13.691 1.722 2.000
0.000 2.000 5.998 78.896 12.716 1.722 2.000
0.000 2.000 6.051 60.327 10.714 1.722 2.000
0.000 2.000 6.131 47.179 9.482 1.722 2.000
0.000 2.000 6.211 34.915 8.685 1.722 2.000
0.000 2.000 6.291 30.676 8.176 1.722 2.000
0.000 2.000 6.371 26.079 7.820 1.722 2.000
0.000 2.000 6.451 21.291 7.592 1.722 2.000
0.000 2.000 6.531 19.266 7.346 1.722 2.000
0.000 2.000 6.611 17.145 6.343 1.722 2.000
1.000 -0.000 -5.171 29.402 5.612 -5.000 2.000
1.000 -0.000 -5.091 40.412 5.599 -5.000 2.000
1.000 -0.000 -4.931 42.720 5.636 -5.000 2.000
1.000 -0.000 -4.851 26.905 5.330 -5.000 2.000
1.000 -0.000 -4.771 23.754 5.313 -5.000 2.000
1.000 -0.000 -4.691 22.801 5.353 -5.000 2.000
1.000 -0.000 -4.611 20.522 5.341 -5.000 2.000
1.000 -0.000 -4.531 20.736 5.372 -5.000 2.000
1.000 -0.000 -4.451 21.037 5.383 -5.000 2.000
1.000 -0.000 -4.371 21.251 5.296 -5.000 2.000
1.000 -0.000 -4.291 20.993 5.986 -5.000 2.000
1.000 -0.000 -4.211 22.330 5.774 -5.000 2.000
1.000 -0.000 -4.131 24.059 5.792 -5.000 2.000
1.000 -0.000 -4.051 24.624 6.723 -5.000 2.000
1.000 -0.000 -3.971 26.380 6.321 -5.000 2.000
1.000 -0.000 -3.891 27.573 6.266 -5.000 2.000
1.000 -0.000 -3.811 28.572 7.048 -5.000 2.000
1.000 -0.000 -3.731 32.041 7.827 -5.000 2.000
1.000 -0.000 -3.651 35.435 7.845 -5.000 2.000
1.000 -0.000 -3.571 41.876 8.413 -5.000 2.000
1.000 -0.000 -3.491 47.230 9.133 -5.000 2.000
1.000 -0.000 -3.411 53.868 10.628 -5.000 2.000
1.000 -0.000 -3.331 63.532 12.071 -5.000 2.000
1.000 -0.000 -3.278 74.019 13.694 -5.000 2.000
1.000 -0.000 -3.251 82.566 14.770 -5.000 2.000
1.000 -0.000 -3.224 89.240 15.243 -5.000 2.000
1.000 -0.000 -3.198 99.407 15.880 -5.000 2.000
1.000 -0.000 -3.171 114.784 16.685 -5.000 2.000
1.000 -0.000 -3.144 134.071 17.711 -5.000 2.000
1.000 -0.000 -3.118 163.739 19.530 -5.000 2.000
1.000 -0.000 -3.091 214.603 22.509 -5.000 2.000
1.000 -0.000 -3.064 316.595 28.959 -5.000 2.000
1.000 -0.000 -2.931 162.672 18.815 -5.000 2.000
1.000 -0.000 -2.904 119.782 15.943 -5.000 2.000
1.000 -0.000 -2.878 93.130 14.112 -5.000 2.000
1.000 -0.000 -2.851 74.613 12.841 -5.000 2.000
1.000 -0.000 -2.824 60.275 11.931 -5.000 2.000
1.000 -0.000 -2.798 53.099 11.291 -5.000 2.000
1.000 -0.000 -2.771 47.940 10.857 -5.000 2.000
1.000 -0.000 -2.744 41.233 10.192 -5.000 2.000
1.000 -0.000 -2.718 35.719 9.456 -5.000 2.000
1.000 -0.000 -2.691 33.994 8.770 -5.000 2.000
1.000 -0.000 -2.611 25.427 7.443 -5.000 2.000
1.000 -0.000 -2.531 21.896 6.691 -5.000 2.000
1.000 -0.000 -2.451 19.654 6.005 -5.000 2.000
1.000 -0.000 -2.371 15.006 5.475 -5.000 2.000
1.000 -0.000 -2.291 13.096 5.082 -5.000 2.000
1.000 -0.000 -2.211 14.732 4.787 -5.000 2.000
1.000 -0.000 -2.131 15.489 4.573 -5.000 2.000
1.000 -0.000 -2.051 16.708 5.096 -5.000 2.000
1.000 -0.000 -1.971 18.314 4.548 -5.000 2.000
1.000 -0.000 -1.891 22.544 5.156 -5.000 2.000
1.000 -0.000 -1.811 25.151 5.041 -5.000 2.000
1.000 -0.000 -1.731 26.536 4.757 -5.000 2.000
1.000 -0.000 -1.651 29.755 4.664 -5.000 2.000
1.000 -0.000 -1.571 31.264 4.300 -5.000 2.000
1.000 -0.000 -1.491 33.106 4.081 -5.000 2.000
1.000 -0.000 -1.411 35.206 3.978 -5.000 2.000
1.000 -0.000 -1.331 36.041 3.712 -5.000 2.000
1.000 -0.000 -1.251 36.465 3.541 -5.000 2.000
1.000 -0.000 -1.171 36.351 3.345 -5.000 2.000
1.000 -0.000 -1.091 36.562 3.059 -5.000 2.000
1.000 -0.000 -1.011 37.644 2.947 -5.000 2.000
1.000 -0.000 -0.931 34.885 2.804 -5.000 2.000
1.000 -0.000 -0.851 33.545 2.724 -5.000 2.000
1.000 -0.000 -0.771 33.160 2.809 -5.000 2.000
1.000 -0.000 -0.691 31.343 2.536 -5.000 2.000
1.000 -0.000 -0.611 28.577 2.246 -5.000 2.000
1.000 0.000 0.610 27.513 1.872 3.000 2.000
1.000 0.000 0.610 27.898 1.877 3.000 2.000
1.000 0.000 0.610 28.153 1.886 3.000 2.000
1.000 0.000 0.610 28.312 2.001 3.000 2.000
1.000 0.000 0.610 28.555 1.986 3.000 2.000
1.000 0.000 0.611 28.012 1.958 3.000 2.000
1.000 0.000 0.690 29.756 2.102 3.000 2.000
1.000 0.000 0.690 30.252 2.111 3.000 2.000
1.000 0.000 0.690 30.689 2.123 3.000 2.000
1.000 0.000 0.690 30.699 2.118 3.000 2.000
1.000 0.000 0.690 30.781 2.122 3.000 2.000
1.000 0.000 0.691 30.329 2.114 3.000 2.000
1.000 0.000 0.770 31.502 2.319 3.000 2.000
1.000 0.000 0.770 32.517 2.334 3.000 2.000
1.000 0.000 0.770 32.846 2.338 3.000 2.000
1.000 0.000 0.770 33.103 2.344 3.000 2.000
1.000 0.000 0.770 33.270 2.348 3.000 2.000
1.000 0.000 0.771 32.037 2.329 3.000 2.000
1.000 0.000 0.850 33.468 2.522 3.000 2.000
1.000 0.000 0.850 34.344 2.538 3.000 2.000
1.000 0.000 0.850 34.751 2.539 3.000 2.000
1.000 0.000 0.850 35.138 2.549 3.000 2.000
1.000 0.000 0.850 35.218 2.548 3.000 2.000
1.000 0.000 0.851 34.031 2.532 3.000 2.000
1.000 0.000 0.930 34.756 2.711 3.000 2.000
1.000 0.000 0.930 35.903 2.730 3.000 2.000
1.000 0.000 0.930 36.614 2.740 3.000 2.000
1.000 0.000 0.930 36.655 2.748 3.000 2.000
1.000 0.000 0.930 36.982 2.747 3.000 2.000
1.000 0.000 0.931 35.437 2.707 3.000 2.000
1.000 0.000 1.090 35.826 2.947 3.000 2.000
1.000 0.000 1.090 37.624 3.102 3.000 2.000
1.000 0.000 1.090 38.270 3.110 3.000 2.000
1.000 0.000 1.090 38.872 3.126 3.000 2.000
1.000 0.000 1.090 38.888 3.120 3.000 2.000
1.000 0.000 1.091 36.850 3.065 3.000 2.000
1.000 0.000 1.170 36.109 3.252 3.000 2.000
1.000 0.000 1.170 38.178 3.273 3.000 2.000
1.000 0.000 1.170 38.317 3.282 3.000 2.000
1.000 0.000 1.170 38.844 3.296 3.000 2.000
1.000 0.000 1.170 39.411 3.303 3.000 2.000
1.000 0.000 1.171 36.912 3.241 3.000 2.000
1.000 0.000 1.250 35.324 3.410 3.000 2.000
1.000 0.000 1.250 37.574 3.437 3.000 2.000
1.000 0.000 1.250 37.826 3.447 3.000 2.000
1.000 0.000 1.250 38.544 3.460 3.000 2.000
1.000 0.000 1.250 38.902 3.465 3.000 2.000
1.000 0.000 1.251 36.148 3.402 3.000 2.000
1.000 0.000 1.330 35.078 3.765 3.000 2.000
1.000 0.000 1.330 36.690 3.609 3.000 2.000
1.000 0.000 1.330 37.381 3.624 3.000 2.000
1.000 0.000 1.330 37.623 3.634 3.000 2.000
1.000 0.000 1.330 37.705 3.642 3.000 2.000
1.000 0.000 1.331 35.384 3.578 3.000 2.000
1.000 0.000 1.410 33.884 3.790 3.000 2.000
1.000 0.000 1.410 35.328 3.806 3.000 2.000
1.000 0.000 1.410 36.014 3.816 3.000 2.000
1.000 0.000 1.410 36.485 3.833 3.000 2.000
1.000 0.000 1.410 37.051 3.851 3.000 2.000
1.000 0.000 1.411 34.377 3.777 3.000 2.000
1.000 0.000 1.490 33.034 4.014 3.000 2.000
1.000 0.000 1.490 33.814 4.042 3.000 2.000
1.000 0.000 1.490 35.000 4.069 3.000 2.000
1.000 0.000 1.490 35.050 4.054 3.000 2.000
1.000 0.000 1.490 35.626 4.060 3.000 2.000
1.000 0.000 1.491 33.648 3.999 3.000 2.000
1.000 0.000 1.570 31.044 4.256 3.000 2.000
1.000 0.000 1.570 32.507 4.297 3.000 2.000
1.000 0.000 1.570 33.269 4.304 3.000 2.000
1.000 0.000 1.570 33.411 4.314 3.000 2.000
1.000 0.000 1.570 33.592 4.320 3.000 2.000
1.000 0.000 1.571 31.252 4.243 3.000 2.000
1.000 0.000 1.650 29.425 4.537 3.000 2.000
1.000 0.000 1.650 30.378 4.553 3.000 2.000
1.000 0.000 1.650 30.585 4.552 3.000 2.000
1.000 0.000 1.650 30.610 4.752 3.000 2.000
1.000 0.000 1.650 31.140 4.569 3.000 2.000
1.000 0.000 1.651 29.257 4.482 3.000 2.000
1.000 0.000 1.730 27.018 4.784 3.000 2.000
1.000 0.000 1.730 27.165 4.761 3.000 2.000
1.000 0.000 1.730 27.418 4.864 3.000 2.000
1.000 0.000 1.730 28.364 4.778 3.000 2.000
1.000 0.000 1.730 28.504 4.766 3.000 2.000
1.000 0.000 1.731 26.869 5.032 3.000 2.000
1.000 0.000 1.810 24.449 4.951 3.000 2.000
1.000 0.000 1.810 24.629 5.061 3.000 2.000
1.000 0.000 1.810 25.380 4.970 3.000 2.000
1.000 0.000 1.810 25.698 4.968 3.000 2.000
1.000 0.000 1.810 25.736 4.965 3.000 2.000
1.000 0.000 1.811 24.481 5.248 3.000 2.000
1.000 0.000 1.890 21.353 5.143 3.000 2.000
1.000 0.000 1.890 21.655 5.130 3.000 2.000
1.000 0.000 1.890 21.996 5.241 3.000 2.000
1.000 0.000 1.890 22.446 5.135 3.000 2.000
1.000 0.000 1.890 22.968 5.131 3.000 2.000
1.000 0.000 1.891 24.291 5.420 3.000 2.000
1.000 0.000 1.970 19.719 5.304 3.000 2.000
1.000 0.000 1.970 19.838 5.304 3.000 2.000
1.000 0.000 1.970 19.939 5.403 3.000 2.000
1.000 0.000 1.970 19.985 5.415 3.000 2.000
1.000 0.000 1.970 21.207 5.318 3.000 2.000
1.000 0.000 1.971 20.578 5.606 3.000 2.000
1.000 0.000 2.051 18.333 5.033 3.000 2.000
1.000 0.000 2.131 17.066 5.250 3.000 2.000
1.000 0.000 2.211 15.166 5.549 3.000 2.000
1.000 0.000 2.291 16.004 5.907 3.000 2.000
1.000 0.000 2.371 18.899 6.357 3.000 2.000
1.000 0.000 2.451 20.491 6.885 3.000 2.000
1.000 0.000 2.531 23.341 7.730 3.000 2.000
1.000 0.000 2.611 32.780 8.557 3.000 2.000
1.000 0.000 2.691 39.491 10.074 3.000 2.000
1.000 0.000 2.718 44.874 10.794 3.000 2.000
1.000 0.000 2.744 49.242 11.555 3.000 2.000
1.000 0.000 2.771 55.075 12.207 3.000 2.000
1.000 0.000 2.798 61.281 12.758 3.000 2.000
1.000 0.000 2.824 71.479 13.319 3.000 2.000
1.000 0.000 2.851 87.840 14.339 3.000 2.000
1.000 0.000 2.878 111.780 15.807 3.000 2.000
1.000 0.000 2.904 148.732 18.042 3.000 2.000
1.000 0.000 2.931 214.726 22.164 3.000 2.000
1.000 0.000 3.064 262.469 25.425 3.000 2.000
1.000 0.000 3.091 191.643 21.046 3.000 2.000
1.000 0.000 3.118 152.556 18.650 3.000 2.000
1.000 0.000 3.144 126.829 17.156 3.000 2.000
1.000 0.000 3.171 108.763 16.114 3.000 2.000
1.000 0.000 3.198 97.507 15.428 3.000 2.000
1.000 0.000 3.224 86.445 14.987 3.000 2.000
1.000 0.000 3.251 78.778 14.520 3.000 2.000
1.000 0.000 3.278 75.438 13.364 3.000 2.000
1.000 0.000 3.331 64.019 11.868 3.000 2.000
1.000 0.000 3.411 52.813 10.370 3.000 2.000
1.000 0.000 3.491 48.154 9.389 3.000 2.000
1.000 0.000 3.571 40.992 8.684 3.000 2.000
1.000 0.000 3.651 35.492 8.163 3.000 2.000
1.000 0.000 3.731 34.661 7.700 3.000 2.000
1.000 0.000 3.811 29.990 7.311 3.000 2.000
1.000 0.000 3.891 30.048 7.050 3.000 2.000
1.000 0.000 3.971 26.372 6.806 3.000 2.000
1.000 0.000 4.051 25.422 6.578 3.000 2.000
1.000 0.000 4.131 25.748 6.560 3.000 2.000
1.000 0.000 4.211 22.658 6.266 3.000 2.000
1.000 0.000 4.291 22.962 5.979 3.000 2.000
1.000 0.000 4.371 22.604 5.786 3.000 2.000
1.000 0.000 4.451 21.487 5.677 3.000 2.000
1.000 0.000 4.531 21.559 5.714 3.000 2.000
1.000 0.000 4.611 22.663 5.775 3.000 2.000
1.000 0.000 4.691 22.909 5.482 3.000 2.000
1.000 0.000 4.771 24.408 5.689 3.000 2.000
1.000 0.000 4.851 30.601 5.834 3.000 2.000
1.000 0.000 4.931 53.055 6.435 3.000 2.000
1.000 0.000 5.011 175.121 9.450 3.000 2.000
1.000 0.000 5.091 36.542 5.363 3.000 2.000
1.000 0.000 5.171 28.694 5.152 3.000 2.000
1.000 1.000 -5.891 81.481 11.640 -4.139 2.000
1.000 1.000 -5.864 73.697 10.724 -4.139 2.000
1.000 1.000 -5.811 59.086 9.400 -4.139 2.000
1.000 1.000 -5.731 47.741 8.682 -4.139 2.000
1.000 1.000 -5.651 40.486 7.736 -4.139 2.000
1.000 1.000 -5.571 32.750 7.141 -4.139 2.000
1.000 1.000 -5.491 25.998 5.796 -4.139 2.000
1.000 1.000 -5.411 22.189 5.614 -4.139 2.000
1.000 1.000 -5.331 20.152 4.809 -4.139 2.000
1.000 1.000 -5.251 20.240 4.732 -4.139 2.000
1.000 1.000 -5.171 20.881 4.873 -4.139 2.000
1.000 1.000 -5.091 21.728 5.078 -4.139 2.000
1.000 1.000 -5.011 24.234 5.140 -4.139 2.000
1.000 1.000 -4.931 27.977 5.515 -4.139 2.000
1.000 1.000 -4.851 32.127 5.842 -4.139 2.000
1.000 1.000 -4.771 35.515 5.836 -4.139 2.000
1.000 1.000 -4.691 39.646 5.968 -4.139 2.000
1.000 1.000 -4.611 45.061 6.931 -4.139 2.000
1.000 1.000 -4.531 50.647 7.518 -4.139 2.000
1.000 1.000 -4.451 57.689 8.430 -4.139 2.000
1.000 1.000 -4.424 58.753 8.759 -4.139 2.000
1.000 1.000 -4.398 64.698 9.253 -4.139 2.000
1.000 1.000 -4.371 69.240 9.886 -4.139 2.000
1.000 1.000 -4.344 72.529 10.616 -4.139 2.000
1.000 1.000 -4.318 81.485 11.581 -4.139 2.000
1.000 1.000 -4.291 85.551 12.830 -4.139 2.000
1.000 1.000 -4.264 100.705 14.621 -4.139 2.000
1.000 1.000 -4.238 117.574 17.543 -4.139 2.000
1.000 1.000 -4.211 158.377 21.755 -4.139 2.000
1.000 1.000 -4.078 80.920 15.979 -4.139 2.000
1.000 1.000 -4.051 54.376 13.432 -4.139 2.000
1.000 1.000 -4.024 33.962 10.505 -4.139 2.000
1.000 1.000 -3.998 27.211 9.642 -4.139 2.000
1.000 1.000 -3.971 22.046 8.935 -4.139 2.000
1.000 1.000 -3.944 18.920 8.234 -4.139 2.000
1.000 1.000 -3.918 16.350 7.137 -4.139 2.000
1.000 1.000 -3.891 16.971 6.869 -4.139 2.000
1.000 1.000 -3.864 16.736 6.070 -4.139 2.000
1.000 1.000 -3.811 19.257 6.061 -4.139 2.000
1.000 1.000 -3.731 20.439 5.278 -4.139 2.000
1.000 1.000 -3.571 22.518 4.746 -4.139 2.000
1.000 1.000 -3.411 27.220 4.684 -4.139 2.000
1.000 1.000 -3.331 30.028 4.372 -4.139 2.000
1.000 1.000 -3.251 34.718 4.631 -4.139 2.000
1.000 1.000 -3.171 38.121 4.927 -4.139 2.000
1.000 1.000 -3.091 43.787 5.180 -4.139 2.000
1.000 1.000 -3.011 46.761 4.854 -4.139 2.000
1.000 1.000 -2.931 52.990 5.006 -4.139 2.000
1.000 1.000 -2.851 57.357 5.147 -4.139 2.000
1.000 1.000 -2.771 62.174 5.349 -4.139 2.000
1.000 1.000 -2.691 67.070 5.639 -4.139 2.000
1.000 1.000 -2.611 73.992 6.027 -4.139 2.000
1.000 1.000 -2.531 81.359 6.598 -4.139 2.000
1.000 1.000 -2.451 96.604 7.637 -4.139 2.000
1.000 1.000 -2.424 105.034 8.197 -4.139 2.000
1.000 1.000 -2.398 116.763 8.910 -4.139 2.000
1.000 1.000 -2.371 132.220 9.873 -4.139 2.000
1.000 1.000 -2.344 154.716 11.265 -4.139 2.000
1.000 1.000 -2.318 181.538 13.066 -4.139 2.000
1.000 1.000 -2.291 225.902 16.170 -4.139 2.000
1.000 1.000 -2.264 294.055 21.145 -4.139 2.000
1.000 1.000 -2.238 405.065 30.618 -4.139 2.000
1.000 1.000 -2.211 640.426 49.568 -4.139 2.000
1.000 1.000 -2.078 487.585 38.599 -4.139 2.000
1.000 1.000 -2.051 380.637 29.838 -4.139 2.000
1.000 1.000 -2.024 316.259 22.618 -4.139 2.000
1.000 1.000 -1.998 270.630 18.288 -4.139 2.000
1.000 1.000 -1.971 238.809 15.287 -4.139 2.000
1.000 1.000 -1.944 212.704 13.086 -4.139 2.000
1.000 1.000 -1.918 194.838 11.631 -4.139 2.000
1.000 1.000 -1.891 178.137 10.355 -4.139 2.000
1.000 1.000 -1.864 165.191 9.389 -4.139 2.000
1.000 1.000 -1.811 142.697 7.895 -4.139 2.000
1.000 1.000 -1.731 117.668 6.384 -4.139 2.000
1.000 1.000 -1.651 98.642 5.364 -4.139 2.000
1.000 1.000 -1.571 83.008 4.615 -4.139 2.000
1.000 1.000 -1.491 69.656 4.058 -4.139 2.000
1.000 1.000 -1.411 57.533 3.591 -4.139 2.000
1.000 1.000 -1.331 46.970 3.263 -4.139 2.000
1.000 1.000 -1.251 37.439 2.974 -4.139 2.000
1.000 1.000 -1.091 23.023 2.745 -4.139 2.000
1.000 1.000 -1.011 17.591 2.562 -4.139 2.000
1.000 1.000 -0.931 14.116 2.359 -4.139 2.000
1.000 1.000 -0.771 19.229 2.261 -4.139 2.000
1.000 1.000 -0.691 24.788 2.208 -4.139 2.000
1.000 1.000 -0.611 29.418 2.092 -4.139 2.000
1.000 1.000 0.611 51.195 2.431 1.861 2.000
1.000 1.000 0.691 59.144 2.594 1.861 2.000
1.000 1.000 0.771 63.392 2.833 1.861 2.000
1.000 1.000 0.851 67.777 3.063 1.861 2.000
1.000 1.000 0.931 73.208 3.301 1.861 2.000
1.000 1.000 1.011 79.239 3.536 1.861 2.000
1.000 1.000 1.091 86.619 3.910 1.861 2.000
1.000 1.000 1.171 95.088 4.302 1.861 2.000
1.000 1.000 1.251 105.528 4.796 1.861 2.000
1.000 1.000 1.331 117.645 5.414 1.861 2.000
1.000 1.000 1.411 133.386 6.263 1.861 2.000
1.000 1.000 1.491 154.102 7.493 1.861 2.000
1.000 1.000 1.571 185.136 9.465 1.861 2.000
1.000 1.000 1.598 199.065 10.423 1.861 2.000
1.000 1.000 1.624 216.169 11.602 1.861 2.000
1.000 1.000 1.651 236.986 13.138 1.861 2.000
1.000 1.000 1.678 264.617 15.237 1.861 2.000
1.000 1.000 1.704 300.264 18.116 1.861 2.000
1.000 1.000 1.731 350.849 22.412 1.861 2.000
1.000 1.000 1.758 426.370 29.713 1.861 2.000
1.000 1.000 1.784 553.065 42.798 1.861 2.000
1.000 1.000 1.811 802.810 60.700 1.861 2.000
1.000 1.000 1.918 716.183 54.598 1.861 2.000
1.000 1.000 1.944 461.878 36.663 1.861 2.000
1.000 1.000 1.971 336.394 25.067 1.861 2.000
1.000 1.000 1.998 262.839 18.653 1.861 2.000
1.000 1.000 2.024 211.849 14.745 1.861 2.000
1.000 1.000 2.051 177.848 12.297 1.861 2.000
1.000 1.000 2.078 152.061 10.587 1.861 2.000
1.000 1.000 2.104 136.747 9.569 1.861 2.000
1.000 1.000 2.131 127.840 8.797 1.861 2.000
1.000 1.000 2.158 110.953 7.994 1.861 2.000
1.000 1.000 2.211 80.769 6.303 1.861 2.000
1.000 1.000 2.291 66.186 5.740 1.861 2.000
1.000 1.000 2.371 53.643 5.204 1.861 2.000
1.000 1.000 2.451 45.550 4.855 1.861 2.000
1.000 1.000 2.611 31.120 4.041 1.861 2.000
1.000 1.000 2.691 25.840 4.359 1.861 2.000
1.000 1.000 2.771 18.892 3.539 1.861 2.000
1.000 1.000 2.931 13.194 3.831 1.861 2.000
1.000 1.000 3.011 13.722 3.896 1.861 2.000
1.000 1.000 3.091 19.604 4.127 1.861 2.000
1.000 1.000 3.171 27.184 4.387 1.861 2.000
1.000 1.000 3.251 36.109 4.761 1.861 2.000
1.000 1.000 3.331 48.658 5.301 1.861 2.000
1.000 1.000 3.411 62.919 6.067 1.861 2.000
1.000 1.000 3.491 81.751 7.220 1.861 2.000
1.000 1.000 3.571 110.551 9.317 1.861 2.000
1.000 1.000 3.598 121.504 10.189 1.861 2.000
1.000 1.000 3.624 137.987 11.303 1.861 2.000
1.000 1.000 3.651 157.461 12.725 1.861 2.000
1.000 1.000 3.678 181.878 14.616 1.861 2.000
1.000 1.000 3.704 215.789 17.263 1.861 2.000
1.000 1.000 3.731 262.385 21.094 1.861 2.000
1.000 1.000 3.758 332.783 27.687 1.861 2.000
1.000 1.000 3.784 456.967 39.691 1.861 2.000
1.000 1.000 3.811 735.715 58.744 1.861 2.000
1.000 1.000 3.918 507.461 43.684 1.861 2.000
1.000 1.000 3.944 352.413 33.602 1.861 2.000
1.000 1.000 3.971 274.138 25.558 1.861 2.000
1.000 1.000 3.998 216.392 20.175 1.861 2.000
1.000 1.000 4.024 181.791 16.904 1.861 2.000
1.000 1.000 4.051 156.818 14.637 1.861 2.000
1.000 1.000 4.078 134.154 12.959 1.861 2.000
1.000 1.000 4.104 119.717 11.768 1.861 2.000
1.000 1.000 4.131 107.043 10.772 1.861 2.000
1.000 1.000 4.158 95.533 10.040 1.861 2.000
1.000 1.000 4.211 81.703 8.882 1.861 2.000
1.000 1.000 4.291 62.858 7.804 1.861 2.000
1.000 1.000 4.371 51.220 7.115 1.861 2.000
1.000 1.000 4.451 41.881 5.788 1.861 2.000
1.000 1.000 4.531 33.026 5.333 1.861 2.000
1.000 1.000 4.611 29.811 5.217 1.861 2.000
1.000 1.000 4.691 25.880 4.660 1.861 2.000
1.000 1.000 4.771 22.918 4.558 1.861 2.000
1.000 1.000 4.931 22.018 5.056 1.861 2.000
1.000 1.000 5.011 21.864 5.100 1.861 2.000
1.000 1.000 5.091 22.422 5.341 1.861 2.000
1.000 1.000 5.171 23.975 5.579 1.861 2.000
1.000 1.000 5.251 28.614 5.898 1.861 2.000
1.000 1.000 5.331 32.081 6.613 1.861 2.000
1.000 1.000 5.411 41.181 7.040 1.861 2.000
1.000 1.000 5.491 50.180 7.997 1.861 2.000
1.000 1.000 5.571 64.691 9.448 1.861 2.000
1.000 1.000 5.598 70.925 10.187 1.861 2.000
1.000 1.000 5.624 79.076 11.090 1.861 2.000
1.000 1.000 5.651 88.615 12.127 1.861 2.000
1.000 1.000 5.678 99.610 13.583 1.861 2.000
1.000 1.000 5.704 115.277 15.504 1.861 2.000
1.000 1.000 5.731 139.266 18.283 1.861 2.000
1.000 1.000 5.758 171.252 22.747 1.861 2.000
1.000 1.000 5.784 229.151 30.292 1.861 2.000
1.000 1.000 5.811 375.155 40.217 1.861 2.000
2.000 -1.000 -7.091 23.801 7.707 -6.861 2.000
2.000 -1.000 -7.011 35.133 7.803 -6.861 2.000
2.000 -1.000 -6.931 74.150 8.867 -6.861 2.000
2.000 -1.000 -6.851 338.606 15.409 -6.861 2.000
2.000 -1.000 -6.771 50.253 7.889 -6.861 2.000
2.000 -1.000 -6.691 26.606 7.307 -6.861 2.000
2.000 -1.000 -6.611 19.617 7.116 -6.861 2.000
2.000 -1.000 -6.531 19.782 7.004 -6.861 2.000
2.000 -1.000 -6.451 21.607 7.086 -6.861 2.000
2.000 -1.000 -6.371 19.625 7.109 -6.861 2.000
2.000 -1.000 -5.064 23.235 13.677 -6.861 2.000
2.000 -1.000 -5.038 22.769 14.366 -6.861 2.000
2.000 -1.000 -5.011 33.816 15.142 -6.861 2.000
2.000 -1.000 -4.984 25.107 15.177 -4.861 4.000
2.000 -1.000 -4.958 28.026 15.459 -4.861 4.000
2.000 -1.000 -4.931 46.420 15.858 -4.861 4.000
2.000 -1.000 -4.798 36.095 14.772 -4.861 4.000
2.000 -1.000 -4.771 21.697 14.411 -4.861 4.000
2.000 -1.000 -4.744 24.182 14.397 -4.861 4.000
2.000 -1.000 -4.584 19.446 10.866 -4.861 4.000
2.000 -1.000 -4.291 18.213 7.283 -4.861 4.000
2.000 -1.000 -4.211 17.575 6.767 -4.861 4.000
2.000 -1.000 -4.131 16.665 6.356 -4.861 4.000
2.000 -1.000 -4.051 15.323 5.989 -4.861 4.000
2.000 -1.000 -3.971 15.215 5.698 -4.861 4.000
2.000 -1.000 -3.891 15.097 5.428 -4.861 4.000
2.000 -1.000 -3.811 14.008 4.935 -4.861 4.000
2.000 -1.000 -3.731 11.627 4.996 -4.861 4.000
2.000 -1.000 -3.651 10.672 4.809 -4.861 4.000
2.000 -1.000 -3.571 12.614 4.648 -4.861 4.000
2.000 -1.000 -3.491 11.928 4.508 -4.861 4.000
2.000 -1.000 -3.411 13.157 4.379 -4.861 4.000
2.000 -1.000 -3.331 13.172 4.263 -4.861 4.000
2.000 -1.000 -3.251 15.080 4.056 -4.861 4.000
2.000 -1.000 -3.171 14.068 3.814 -4.861 4.000
2.000 -1.000 -3.091 16.792 3.741 -4.861 4.000
2.000 -1.000 -3.011 15.664 3.925 -4.861 4.000
2.000 -1.000 -2.931 16.020 3.819 -4.861 4.000
2.000 -1.000 -2.851 16.029 3.465 -4.861 4.000
2.000 -1.000 -2.771 17.022 3.757 -4.861 4.000
2.000 -1.000 -2.691 14.823 3.692 -4.861 4.000
2.000 -1.000 -2.611 15.493 3.635 -4.861 4.000
2.000 -1.000 -2.531 15.182 3.571 -4.861 4.000
2.000 -1.000 -2.451 15.059 3.608 -4.861 4.000
2.000 -1.000 -2.291 13.007 3.590 -4.861 4.000
2.000 -1.000 -2.131 12.127 3.582 -4.861 4.000
2.000 -1.000 -2.051 10.933 3.599 -4.861 4.000
2.000 -1.000 -1.971 9.509 3.607 -4.861 4.000
2.000 -1.000 -1.811 10.046 3.220 -4.861 4.000
2.000 -1.000 -1.731 12.507 3.552 -4.861 4.000
2.000 -1.000 -1.651 15.149 3.664 -4.861 4.000
2.000 -1.000 -1.571 17.499 3.561 -4.861 4.000
2.000 -1.000 -1.491 21.203 3.825 -4.861 4.000
2.000 -1.000 -1.411 26.069 4.020 -4.861 4.000
2.000 -1.000 -1.331 31.763 4.403 -4.861 4.000
2.000 -1.000 -1.251 39.587 5.296 -4.861 4.000
2.000 -1.000 -1.171 49.141 6.089 -4.861 4.000
2.000 -1.000 -1.144 53.170 6.469 -4.861 4.000
2.000 -1.000 -1.118 60.535 7.004 -4.861 4.000
2.000 -1.000 -1.091 67.328 7.561 -4.861 4.000
2.000 -1.000 -1.064 77.909 8.612 -4.861 4.000
2.000 -1.000 -1.038 89.919 9.685 -4.861 4.000
2.000 -1.000 -1.011 109.560 11.217 -4.861 4.000
2.000 -1.000 -0.984 139.264 12.982 -4.861 4.000
2.000 -1.000 -0.958 190.528 16.210 -4.861 4.000
2.000 -1.000 -0.931 304.238 23.892 -4.861 4.000
2.000 -1.000 -0.798 181.766 15.139 -4.861 4.000
2.000 -1.000 -0.771 138.114 12.183 -4.861 4.000
2.000 -1.000 -0.744 112.851 10.482 -4.861 4.000
2.000 -1.000 -0.718 95.978 9.324 -4.861 4.000
2.000 -1.000 -0.691 83.828 8.278 -4.861 4.000
2.000 -1.000 -0.664 74.255 7.162 -4.861 4.000
2.000 -1.000 -0.638 66.108 6.188 -4.861 4.000
2.000 -1.000 -0.611 61.317 5.484 -4.861 4.000
2.000 -1.000 0.611 19.351 1.772 3.139 2.000
2.000 -1.000 0.691 19.371 2.018 3.139 2.000
2.000 -1.000 0.771 18.241 2.037 3.139 2.000
2.000 -1.000 0.851 19.240 2.119 3.139 2.000
2.000 -1.000 0.931 18.380 2.232 3.139 2.000
2.000 -1.000 1.011 19.061 2.345 3.139 2.000
2.000 -1.000 1.091 22.473 2.351 3.139 2.000
2.000 -1.000 1.251 22.601 2.506 3.139 2.000
2.000 -1.000 1.331 22.262 2.394 3.139 2.000
2.000 -1.000 1.411 22.385 2.491 3.139 2.000
2.000 -1.000 1.491 22.835 2.769 3.139 2.000
2.000 -1.000 1.571 22.357 2.944 3.139 2.000
2.000 -1.000 1.651 22.235 3.214 3.139 2.000
2.000 -1.000 1.731 21.740 3.290 3.139 2.000
2.000 -1.000 1.811 21.618 3.365 3.139 2.000
2.000 -1.000 1.891 21.202 3.587 3.139 2.000
2.000 -1.000 1.971 20.424 3.596 3.139 2.000
2.000 -1.000 2.051 19.344 3.617 3.139 2.000
2.000 -1.000 2.131 18.102 3.698 3.139 2.000
2.000 -1.000 2.211 18.508 4.098 3.139 2.000
2.000 -1.000 2.291 19.448 4.260 3.139 2.000
2.000 -1.000 2.371 20.378 4.448 3.139 2.000
2.000 -1.000 2.451 21.217 4.843 3.139 2.000
2.000 -1.000 2.531 23.162 5.295 3.139 2.000
2.000 -1.000 2.611 24.900 5.973 3.139 2.000
2.000 -1.000 2.691 27.105 6.917 3.139 2.000
2.000 -1.000 2.771 27.503 7.471 3.139 2.000
2.000 -1.000 2.851 28.269 8.218 3.139 2.000
2.000 -1.000 2.878 28.587 8.591 3.139 2.000
2.000 -1.000 2.904 30.402 8.509 3.139 2.000
2.000 -1.000 2.931 32.353 9.919 3.139 2.000
2.000 -1.000 2.958 28.596 9.612 3.139 2.000
2.000 -1.000 2.984 35.113 12.431 3.139 2.000
2.000 -1.000 3.011 39.456 11.644 3.139 2.000
2.000 -1.000 3.038 36.078 12.090 3.139 2.000
2.000 -1.000 3.064 47.990 12.696 3.139 2.000
2.000 -1.000 3.198 70.012 14.057 3.139 2.000
2.000 -1.000 3.224 49.593 12.969 3.139 2.000
2.000 -1.000 3.251 43.350 12.154 3.139 2.000
2.000 -1.000 3.278 37.218 11.651 3.139 2.000
2.000 -1.000 3.304 34.155 11.241 3.139 2.000
2.000 -1.000 3.331 33.145 12.263 3.139 2.000
2.000 -1.000 3.358 30.520 9.505 3.139 2.000
2.000 -1.000 3.384 28.594 9.421 3.139 2.000
2.000 -1.000 3.411 27.514 8.271 3.139 2.000
2.000 -1.000 3.438 26.484 7.982 3.139 2.000
2.000 -1.000 3.491 23.803 8.135 3.139 2.000
2.000 -1.000 3.571 19.510 6.352 3.139 2.000
2.000 -1.000 3.651 16.487 6.295 3.139 2.000
2.000 -1.000 3.731 14.736 5.703 3.139 2.000
2.000 -1.000 3.811 12.858 5.407 3.139 2.000
2.000 -1.000 3.891 10.428 5.163 3.139 2.000
2.000 -1.000 3.971 9.355 5.115 3.139 2.000
2.000 -1.000 4.051 8.406 4.632 3.139 2.000
2.000 -1.000 4.131 9.458 4.061 3.139 2.000
2.000 -1.000 4.211 10.522 4.807 3.139 2.000
2.000 -1.000 4.291 9.221 4.550 3.139 2.000
2.000 -1.000 4.371 10.877 4.581 3.139 2.000
2.000 -1.000 4.451 10.264 4.228 3.139 2.000
2.000 -1.000 4.531 12.785 5.022 3.139 2.000
2.000 -1.000 4.611 13.237 4.742 3.139 2.000
2.000 -1.000 4.691 11.286 4.882 3.139 2.000
2.000 -1.000 4.771 11.417 4.638 3.139 2.000
2.000 -1.000 4.851 13.298 4.998 3.139 2.000
2.000 -1.000 4.931 21.281 4.984 3.139 2.000
2.000 -1.000 5.011 38.416 5.647 3.139 2.000
2.000 -1.000 5.091 124.500 7.708 3.139 2.000
2.000 -1.000 5.251 72.405 6.768 3.139 2.000
2.000 -1.000 5.331 48.260 5.938 3.139 2.000
2.000 -1.000 5.411 37.752 6.334 3.139 2.000
2.000 -1.000 5.491 32.940 5.684 3.139 2.000
2.000 -1.000 5.571 25.499 5.590 3.139 2.000
2.000 -1.000 5.651 24.359 5.535 3.139 2.000
2.000 -1.000 5.731 21.260 5.672 3.139 2.000
2.000 -1.000 5.811 21.706 5.950 3.139 2.000
2.000 -1.000 5.891 16.747 5.723 3.139 2.000
2.000 -1.000 5.971 16.715 6.073 3.139 2.000
2.000 -1.000 6.051 15.464 6.300 3.139 2.000
2.000 -0.000 -6.851 19.797 6.819 -6.000 2.000
2.000 -0.000 -6.771 21.480 7.520 -6.000 2.000
2.000 -0.000 -6.691 23.098 6.571 -6.000 2.000
2.000 -0.000 -6.611 27.041 7.103 -6.000 2.000
2.000 -0.000 -6.531 31.145 7.532 -6.000 2.000
2.000 -0.000 -6.451 41.362 8.996 -6.000 2.000
2.000 -0.000 -6.371 50.194 9.978 -6.000 2.000
2.000 -0.000 -6.291 66.049 11.569 -6.000 2.000
2.000 -0.000 -6.264 72.867 12.338 -6.000 2.000
2.000 -0.000 -6.238 83.193 13.295 -6.000 2.000
2.000 -0.000 -6.211 94.047 14.536 -6.000 2.000
2.000 -0.000 -6.184 109.833 16.382 -6.000 2.000
2.000 -0.000 -6.158 128.783 18.664 -6.000 2.000
2.000 -0.000 -6.131 160.287 22.225 -6.000 2.000
2.000 -0.000 -6.104 204.946 27.807 -6.000 2.000
2.000 -0.000 -6.078 284.700 37.209 -6.000 2.000
2.000 -0.000 -6.051 468.835 48.375 -6.000 2.000
2.000 -0.000 -5.944 330.093 38.386 -6.000 2.000
2.000 -0.000 -5.918 232.059 31.367 -6.000 2.000
2.000 -0.000 -5.891 180.422 24.296 -6.000 2.000
2.000 -0.000 -5.864 146.767 19.560 -6.000 2.000
2.000 -0.000 -5.838 125.213 16.756 -6.000 2.000
2.000 -0.000 -5.811 109.654 14.769 -6.000 2.000
2.000 -0.000 -5.784 96.235 13.217 -6.000 2.000
2.000 -0.000 -5.758 86.414 11.944 -6.000 2.000
2.000 -0.000 -5.731 76.703 11.006 -6.000 2.000
2.000 -0.000 -5.704 70.866 10.235 -6.000 2.000
2.000 -0.000 -5.651 60.129 9.075 -6.000 2.000
2.000 -0.000 -5.571 50.235 7.941 -6.000 2.000
2.000 -0.000 -5.491 42.542 7.128 -6.000 2.000
2.000 -0.000 -5.411 35.280 6.571 -6.000 2.000
2.000 -0.000 -5.331 31.540 6.032 -6.000 2.000
2.000 -0.000 -5.251 26.044 5.835 -6.000 2.000
2.000 -0.000 -5.171 21.932 5.140 -6.000 2.000
2.000 -0.000 -5.091 17.816 4.737 -6.000 2.000
2.000 -0.000 -4.931 14.842 5.355 -6.000 2.000
2.000 -0.000 -4.851 17.283 4.991 -6.000 2.000
2.000 -0.000 -4.771 18.327 4.962 -6.000 2.000
2.000 -0.000 -4.691 22.833 5.217 -6.000 2.000
2.000 -0.000 -4.611 27.372 5.679 -6.000 2.000
2.000 -0.000 -4.531 37.765 6.095 -6.000 2.000
2.000 -0.000 -4.451 43.756 6.592 -6.000 2.000
2.000 -0.000 -4.371 58.260 7.473 -6.000 2.000
2.000 -0.000 -4.291 82.593 9.100 -6.000 2.000
2.000 -0.000 -4.264 93.582 9.869 -6.000 2.000
2.000 -0.000 -4.238 107.672 10.893 -6.000 2.000
2.000 -0.000 -4.211 124.118 12.202 -6.000 2.000
2.000 -0.000 -4.184 146.270 14.000 -6.000 2.000
2.000 -0.000 -4.158 179.213 16.599 -6.000 2.000
2.000 -0.000 -4.131 224.844 20.449 -6.000 2.000
2.000 -0.000 -4.104 297.327 26.886 -6.000 2.000
2.000 -0.000 -4.078 431.151 39.048 -6.000 2.000
2.000 -0.000 -4.051 759.281 60.895 -6.000 2.000
2.000 -0.000 -3.944 451.742 39.837 -6.000 2.000
2.000 -0.000 -3.918 331.147 32.038 -6.000 2.000
2.000 -0.000 -3.891 255.497 23.831 -6.000 2.000
2.000 -0.000 -3.864 219.489 19.305 -6.000 2.000
2.000 -0.000 -3.838 187.740 16.248 -6.000 2.000
2.000 -0.000 -3.811 164.409 14.072 -6.000 2.000
2.000 -0.000 -3.784 147.627 12.476 -6.000 2.000
2.000 -0.000 -3.758 134.339 11.250 -6.000 2.000
2.000 -0.000 -3.731 122.691 10.252 -6.000 2.000
2.000 -0.000 -3.704 113.142 9.451 -6.000 2.000
2.000 -0.000 -3.651 98.819 8.237 -6.000 2.000
2.000 -0.000 -3.571 82.872 7.023 -6.000 2.000
2.000 -0.000 -3.491 71.927 6.203 -6.000 2.000
2.000 -0.000 -3.411 65.075 5.625 -6.000 2.000
2.000 -0.000 -3.331 59.222 5.228 -6.000 2.000
2.000 -0.000 -3.251 52.924 4.904 -6.000 2.000
2.000 -0.000 -3.171 49.985 4.591 -6.000 2.000
2.000 -0.000 -3.091 47.092 4.480 -6.000 2.000
2.000 -0.000 -2.931 43.123 4.304 -6.000 2.000
2.000 -0.000 -2.851 42.689 4.231 -6.000 2.000
2.000 -0.000 -2.771 41.227 4.293 -6.000 2.000
2.000 -0.000 -2.691 42.704 4.371 -6.000 2.000
2.000 -0.000 -2.611 41.743 4.473 -6.000 2.000
2.000 -0.000 -2.531 42.110 4.642 -6.000 2.000
2.000 -0.000 -2.451 42.900 4.901 -6.000 2.000
2.000 -0.000 -2.371 46.941 5.326 -6.000 2.000
2.000 -0.000 -2.291 50.412 5.975 -6.000 2.000
2.000 -0.000 -2.264 53.638 6.290 -6.000 2.000
2.000 -0.000 -2.238 56.352 6.683 -6.000 2.000
2.000 -0.000 -2.211 60.632 7.134 -6.000 2.000
2.000 -0.000 -2.184 65.352 7.794 -6.000 2.000
2.000 -0.000 -2.158 74.553 8.736 -6.000 2.000
2.000 -0.000 -2.131 85.582 10.029 -6.000 2.000
2.000 -0.000 -2.104 104.983 12.205 -6.000 2.000
2.000 -0.000 -2.078 142.114 15.976 -6.000 2.000
2.000 -0.000 -2.051 246.979 22.431 -6.000 2.000
2.000 -0.000 -1.944 77.693 11.608 -6.000 2.000
2.000 -0.000 -1.918 53.486 10.248 -6.000 2.000
2.000 -0.000 -1.891 40.108 8.532 -6.000 2.000
2.000 -0.000 -1.864 28.031 6.700 -6.000 2.000
2.000 -0.000 -1.838 23.866 5.981 -6.000 2.000
2.000 -0.000 -1.811 18.039 5.248 -6.000 2.000
2.000 -0.000 -1.784 14.613 4.740 -6.000 2.000
2.000 -0.000 -1.758 13.778 4.386 -6.000 2.000
2.000 -0.000 -1.731 9.933 3.719 -6.000 2.000
2.000 -0.000 -1.704 9.826 3.672 -6.000 2.000
2.000 -0.000 -1.651 7.503 2.824 -6.000 2.000
2.000 -0.000 -1.571 6.879 2.484 -6.000 2.000
2.000 -0.000 -1.491 7.367 2.378 -6.000 2.000
2.000 -0.000 -1.411 7.995 2.417 -6.000 2.000
2.000 -0.000 -1.331 8.881 2.003 -6.000 2.000
2.000 -0.000 -1.251 10.328 2.347 -6.000 2.000
2.000 -0.000 -1.171 12.723 2.287 -6.000 2.000
2.000 -0.000 -1.091 13.743 2.330 -6.000 2.000
2.000 -0.000 -1.011 16.643 2.570 -6.000 2.000
2.000 -0.000 -0.931 19.608 2.386 -6.000 2.000
2.000 -0.000 -0.851 23.856 2.287 -6.000 2.000
2.000 -0.000 -0.771 29.234 2.276 -6.000 2.000
2.000 -0.000 -0.691 36.652 2.290 -6.000 2.000
2.000 -0.000 -0.611 46.862 2.391 -6.000 2.000
2.000 0.000 0.611 44.570 2.304 2.000 2.000
2.000 0.000 0.691 37.414 2.262 2.000 2.000
2.000 0.000 0.771 29.779 2.235 2.000 2.000
2.000 0.000 0.851 23.357 2.073 2.000 2.000
2.000 0.000 0.931 18.282 2.233 2.000 2.000
2.000 0.000 1.011 15.901 2.161 2.000 2.000
2.000 0.000 1.091 11.786 2.120 2.000 2.000
2.000 0.000 1.171 9.312 2.012 2.000 2.000
2.000 0.000 1.251 7.278 2.170 2.000 2.000
2.000 0.000 1.411 4.819 2.333 2.000 2.000
2.000 0.000 1.491 4.176 2.588 2.000 2.000
2.000 0.000 1.704 7.459 3.708 2.000 2.000
2.000 0.000 1.731 10.150 4.200 2.000 2.000
2.000 0.000 1.758 12.153 4.326 2.000 2.000
2.000 0.000 1.784 17.474 5.256 2.000 2.000
2.000 0.000 1.811 21.964 6.684 2.000 2.000
2.000 0.000 1.838 29.896 7.000 2.000 2.000
2.000 0.000 1.864 33.916 7.368 2.000 2.000
2.000 0.000 1.891 46.809 8.936 2.000 2.000
2.000 0.000 1.918 62.576 11.357 2.000 2.000
2.000 0.000 2.051 193.912 19.149 2.000 2.000
2.000 0.000 2.078 128.392 15.399 2.000 2.000
2.000 0.000 2.104 104.636 13.390 2.000 2.000
2.000 0.000 2.131 83.735 10.452 2.000 2.000
2.000 0.000 2.158 72.746 9.249 2.000 2.000
2.000 0.000 2.184 66.590 8.393 2.000 2.000
2.000 0.000 2.211 61.421 7.752 2.000 2.000
2.000 0.000 2.238 57.493 7.270 2.000 2.000
2.000 0.000 2.264 54.296 6.874 2.000 2.000
2.000 0.000 2.291 51.600 6.604 2.000 2.000
2.000 0.000 2.371 47.137 5.893 2.000 2.000
2.000 0.000 2.451 44.500 5.481 2.000 2.000
2.000 0.000 2.531 43.313 5.187 2.000 2.000
2.000 0.000 2.611 43.117 4.999 2.000 2.000
2.000 0.000 2.691 42.561 4.885 2.000 2.000
2.000 0.000 2.771 43.835 4.803 2.000 2.000
2.000 0.000 2.851 44.213 4.732 2.000 2.000
2.000 0.000 2.931 45.959 4.808 2.000 2.000
2.000 0.000 3.091 49.674 4.988 2.000 2.000
2.000 0.000 3.171 52.222 5.095 2.000 2.000
2.000 0.000 3.251 57.076 5.443 2.000 2.000
2.000 0.000 3.411 68.103 6.199 2.000 2.000
2.000 0.000 3.491 78.100 6.818 2.000 2.000
2.000 0.000 3.571 89.324 7.637 2.000 2.000
2.000 0.000 3.651 106.506 8.929 2.000 2.000
2.000 0.000 3.704 122.329 10.212 2.000 2.000
2.000 0.000 3.731 132.844 11.023 2.000 2.000
2.000 0.000 3.758 147.954 12.940 2.000 2.000
2.000 0.000 3.784 158.933 13.123 2.000 2.000
2.000 0.000 3.811 177.715 14.854 2.000 2.000
2.000 0.000 3.838 209.102 17.533 2.000 2.000
2.000 0.000 3.864 247.564 20.909 2.000 2.000
2.000 0.000 3.891 303.082 26.713 2.000 2.000
2.000 0.000 3.918 394.447 36.100 2.000 2.000
2.000 0.000 3.944 571.779 47.890 2.000 2.000
2.000 0.000 4.051 561.744 47.659 2.000 2.000
2.000 0.000 4.078 370.256 35.519 2.000 2.000
2.000 0.000 4.104 268.178 25.526 2.000 2.000
2.000 0.000 4.131 207.979 19.917 2.000 2.000
2.000 0.000 4.158 170.785 16.539 2.000 2.000
2.000 0.000 4.184 142.358 14.124 2.000 2.000
2.000 0.000 4.211 120.683 12.403 2.000 2.000
2.000 0.000 4.238 105.395 11.179 2.000 2.000
2.000 0.000 4.264 90.825 10.165 2.000 2.000
2.000 0.000 4.291 80.746 9.427 2.000 2.000
2.000 0.000 4.371 58.825 7.878 2.000 2.000
2.000 0.000 4.451 44.496 7.007 2.000 2.000
2.000 0.000 4.531 34.444 6.461 2.000 2.000
2.000 0.000 4.611 28.039 6.099 2.000 2.000
2.000 0.000 4.691 23.541 5.864 2.000 2.000
2.000 0.000 4.771 20.832 5.718 2.000 2.000
2.000 0.000 4.851 20.047 5.567 2.000 2.000
2.000 0.000 4.931 19.575 5.623 2.000 2.000
2.000 0.000 5.091 21.228 5.230 2.000 2.000
2.000 0.000 5.171 23.678 5.252 2.000 2.000
2.000 0.000 5.251 27.901 5.781 2.000 2.000
2.000 0.000 5.411 35.857 6.051 2.000 2.000
2.000 0.000 5.491 45.218 6.853 2.000 2.000
2.000 0.000 5.571 54.115 7.821 2.000 2.000
2.000 0.000 5.651 65.683 8.977 2.000 2.000
2.000 0.000 5.704 77.504 10.405 2.000 2.000
2.000 0.000 5.731 84.972 11.120 2.000 2.000
2.000 0.000 5.758 96.217 12.798 2.000 2.000
2.000 0.000 5.784 107.381 14.101 2.000 2.000
2.000 0.000 5.811 122.869 15.849 2.000 2.000
2.000 0.000 5.838 142.881 18.172 2.000 2.000
2.000 0.000 5.864 170.799 21.460 2.000 2.000
2.000 0.000 5.891 214.585 26.852 2.000 2.000
2.000 0.000 5.918 285.662 36.356 2.000 2.000
2.000 0.000 5.944 442.211 46.739 2.000 2.000
2.000 0.000 6.051 351.162 41.977 2.000 2.000
2.000 0.000 6.078 238.007 34.465 2.000 2.000
2.000 0.000 6.104 175.427 26.717 2.000 2.000
2.000 0.000 6.131 145.584 22.012 2.000 2.000
2.000 0.000 6.158 117.239 17.677 2.000 2.000
2.000 0.000 6.184 101.780 15.862 2.000 2.000
2.000 0.000 6.211 90.324 14.396 2.000 2.000
2.000 0.000 6.238 78.456 13.230 2.000 2.000
2.000 0.000 6.264 71.889 12.358 2.000 2.000
2.000 0.000 6.291 63.037 11.206 2.000 2.000
2.000 0.000 6.371 46.653 9.353 2.000 2.000
2.000 0.000 6.451 37.075 8.000 2.000 2.000
2.000 0.000 6.531 29.063 7.096 2.000 2.000
2.000 0.000 6.611 24.496 6.956 2.000 2.000
2.000 0.000 6.691 23.233 6.990 2.000 2.000
2.000 0.000 6.771 19.677 6.634 2.000 2.000
2.000 0.000 6.851 20.438 6.849 2.000 2.000
2.000 1.000 -6.700 18.424 6.909 -5.139 2.000
2.000 1.000 -6.620 14.467 6.770 -5.139 2.000
2.000 1.000 -6.540 13.815 6.479 -5.139 2.000
2.000 1.000 -6.460 12.449 6.072 -5.139 2.000
2.000 1.000 -6.220 13.874 6.310 -5.139 2.000
2.000 1.000 -6.060 18.839 6.640 -5.139 2.000
2.000 1.000 -5.980 16.488 6.808 -5.139 2.000
2.000 1.000 -5.900 20.105 6.847 -5.139 2.000
2.000 1.000 -5.820 19.914 6.844 -5.139 2.000
2.000 1.000 -5.740 23.570 6.565 -5.139 2.000
2.000 1.000 -5.660 24.551 7.368 -5.139 2.000
2.000 1.000 -5.580 31.151 8.007 -5.139 2.000
2.000 1.000 -5.500 34.965 9.011 -5.139 2.000
2.000 1.000 -5.420 39.053 9.131 -5.139 2.000
2.000 1.000 -5.340 50.417 10.290 -5.139 2.000
2.000 1.000 -5.260 71.229 11.505 -5.139 2.000
2.000 1.000 -5.180 194.624 20.225 -5.139 2.000
2.000 1.000 -5.127 276.654 25.487 -5.139 2.000
2.000 1.000 -5.100 116.748 17.856 -5.139 2.000
2.000 1.000 -5.073 69.408 16.239 -5.139 2.000
2.000 1.000 -5.047 47.277 15.677 -5.139 2.000
2.000 1.000 -5.020 41.816 16.700 -5.139 2.000
2.000 1.000 -4.993 42.987 19.268 -5.139 2.000
2.000 1.000 -4.967 41.196 16.715 -5.139 2.000
2.000 1.000 -4.220 20.522 7.093 -5.139 2.000
2.000 1.000 -4.140 16.112 5.849 -5.139 2.000
2.000 1.000 -4.060 11.954 5.773 -5.139 2.000
2.000 1.000 -3.980 10.056 5.272 -5.139 2.000
2.000 1.000 -3.900 10.857 5.283 -5.139 2.000
2.000 1.000 -3.820 11.473 4.811 -5.139 2.000
2.000 1.000 -3.740 13.599 4.842 -5.139 2.000
2.000 1.000 -3.660 16.603 5.090 -5.139 2.000
2.000 1.000 -3.580 17.697 4.483 -5.139 2.000
2.000 1.000 -3.500 22.216 4.673 -5.139 2.000
2.000 1.000 -3.420 24.734 4.523 -5.139 2.000
2.000 1.000 -3.340 29.075 4.543 -5.139 2.000
2.000 1.000 -3.260 40.204 4.569 -5.139 2.000
2.000 1.000 -3.180 145.110 6.530 -5.139 2.000
2.000 1.000 -3.100 62.969 5.205 -5.139 2.000
2.000 1.000 -3.020 34.100 4.369 -5.139 2.000
2.000 1.000 -2.940 28.565 4.071 -5.139 2.000
2.000 1.000 -2.860 26.024 4.511 -5.139 2.000
2.000 1.000 -2.780 24.448 3.731 -5.139 2.000
2.000 1.000 -2.700 22.859 3.620 -5.139 2.000
2.000 1.000 -2.620 20.899 3.533 -5.139 2.000
2.000 1.000 -2.540 19.282 3.364 -5.139 2.000
2.000 1.000 -2.460 18.889 3.476 -5.139 2.000
2.000 1.000 -2.380 17.796 3.537 -5.139 2.000
2.000 1.000 -2.300 18.414 3.432 -5.139 2.000
2.000 1.000 -2.220 17.196 3.501 -5.139 2.000
2.000 1.000 -2.140 17.590 3.529 -5.139 2.000
2.000 1.000 -2.060 18.409 3.536 -5.139 2.000
2.000 1.000 -1.980 18.906 3.595 -5.139 2.000
2.000 1.000 -1.900 19.299 3.615 -5.139 2.000
2.000 1.000 -1.820 19.493 3.580 -5.139 2.000
2.000 1.000 -1.740 20.873 3.933 -5.139 2.000
2.000 1.000 -1.660 21.096 3.631 -5.139 2.000
2.000 1.000 -1.580 22.682 3.961 -5.139 2.000
2.000 1.000 -1.500 22.072 4.073 -5.139 2.000
2.000 1.000 -1.420 23.062 3.947 -5.139 2.000
2.000 1.000 -1.340 22.901 4.301 -5.139 2.000
2.000 1.000 -1.260 22.815 4.499 -5.139 2.000
2.000 1.000 -1.153 21.425 4.668 -5.139 2.000
2.000 1.000 -1.127 20.984 4.864 -5.139 2.000
2.000 1.000 -1.073 21.065 5.558 -5.139 2.000
2.000 1.000 -1.047 20.530 5.618 -5.139 2.000
2.000 1.000 -1.020 20.056 5.848 -5.139 2.000
2.000 1.000 -0.993 20.822 6.426 -5.139 2.000
2.000 1.000 -0.967 19.046 5.515 -5.139 2.000
2.000 1.000 -0.940 19.689 5.640 -5.139 2.000
2.000 1.000 -0.913 19.204 5.449 -5.139 2.000
2.000 1.000 0.940 337.103 26.208 0.861 4.000
2.000 1.000 0.967 202.707 17.066 0.861 4.000
2.000 1.000 0.993 141.856 13.152 0.861 4.000
2.000 1.000 1.020 109.925 11.359 0.861 4.000
2.000 1.000 1.047 88.096 9.429 0.861 4.000
2.000 1.000 1.073 74.801 8.257 0.861 4.000
2.000 1.000 1.100 66.959 7.450 0.861 4.000
2.000 1.000 1.127 59.173 6.881 0.861 4.000
2.000 1.000 1.153 51.050 6.205 0.861 4.000
2.000 1.000 1.180 46.734 5.639 0.861 4.000
2.000 1.000 1.260 36.874 4.915 0.861 4.000
2.000 1.000 1.340 28.690 4.199 0.861 4.000
2.000 1.000 1.420 24.577 3.958 0.861 4.000
2.000 1.000 1.500 19.290 3.671 0.861 4.000
2.000 1.000 1.580 15.166 3.451 0.861 4.000
2.000 1.000 1.660 12.525 3.197 0.861 4.000
2.000 1.000 1.740 10.627 3.231 0.861 4.000
2.000 1.000 1.820 10.121 3.439 0.861 4.000
2.000 1.000 1.900 9.195 3.094 0.861 4.000
2.000 1.000 1.980 9.299 3.490 0.861 4.000
2.000 1.000 2.060 9.585 3.234 0.861 4.000
2.000 1.000 2.140 10.834 3.221 0.861 4.000
2.000 1.000 2.220 11.837 3.393 0.861 4.000
2.000 1.000 2.300 13.760 3.607 0.861 4.000
2.000 1.000 2.380 15.304 3.596 0.861 4.000
2.000 1.000 2.460 16.321 4.369 0.861 4.000
2.000 1.000 2.540 16.364 3.648 0.861 4.000
2.000 1.000 2.620 18.068 4.082 0.861 4.000
2.000 1.000 2.700 17.259 3.968 0.861 4.000
2.000 1.000 2.780 16.319 4.150 0.861 4.000
2.000 1.000 2.940 15.919 4.045 0.861 4.000
2.000 1.000 3.020 14.242 4.107 0.861 4.000
2.000 1.000 3.100 13.317 3.391 0.861 4.000
2.000 1.000 3.180 12.840 3.683 0.861 4.000
2.000 1.000 3.260 12.161 3.787 0.861 4.000
2.000 1.000 3.340 11.461 4.181 0.861 4.000
2.000 1.000 3.420 10.064 4.110 0.861 4.000
2.000 1.000 3.500 9.441 4.569 0.861 4.000
2.000 1.000 3.580 8.487 4.190 0.861 4.000
2.000 1.000 3.660 9.046 4.071 0.861 4.000
2.000 1.000 3.740 8.969 5.002 0.861 4.000
2.000 1.000 3.820 10.300 4.479 0.861 4.000
2.000 1.000 3.900 11.246 5.405 0.861 4.000
2.000 1.000 3.980 13.474 5.961 0.861 4.000
2.000 1.000 4.060 13.944 5.679 0.861 4.000
2.000 1.000 4.140 18.550 6.450 0.861 4.000
2.000 1.000 4.220 18.399 7.809 0.861 4.000
2.000 1.000 4.300 21.567 8.470 0.861 4.000
2.000 1.000 4.380 25.170 8.545 0.861 4.000
2.000 1.000 4.780 39.945 19.411 0.861 4.000
2.000 1.000 4.807 45.819 15.392 0.861 4.000
2.000 1.000 4.913 48.647 15.758 0.861 4.000
2.000 1.000 4.940 39.726 16.547 0.861 4.000
2.000 1.000 4.967 32.571 15.724 0.861 4.000
2.000 1.000 4.993 24.615 14.570 0.861 4.000
2.000 1.000 5.047 19.241 13.613 0.861 4.000
2.000 1.000 5.660 16.232 7.623 0.861 4.000
2.000 1.000 5.740 17.612 6.897 0.861 4.000
2.000 1.000 5.820 17.428 7.296 0.861 4.000
2.000 1.000 5.900 17.689 7.242 0.861 4.000
2.000 1.000 5.980 17.390 7.081 0.861 4.000
2.000 1.000 6.060 16.064 6.758 0.861 4.000
2.000 1.000 6.140 15.774 7.024 0.861 4.000
2.000 1.000 6.220 16.230 6.760 0.861 4.000
2.000 1.000 6.300 17.048 6.971 0.861 4.000
2.000 1.000 6.380 18.749 6.581 0.861 4.000
2.000 1.000 6.460 19.840 6.989 0.861 4.000
2.000 1.000 6.540 21.643 7.260 0.861 4.000
2.000 1.000 6.620 23.977 6.966 0.861 4.000
2.000 1.000 6.700 30.816 6.901 0.861 4.000
2.000 2.000 -7.651 23.106 8.777 -6.278 2.000
2.000 2.000 -7.571 20.428 7.966 -6.278 2.000
2.000 2.000 -7.491 20.245 8.039 -6.278 2.000
2.000 2.000 -7.411 19.806 8.048 -6.278 2.000
2.000 2.000 -7.251 20.686 7.677 -6.278 2.000
2.000 2.000 -6.611 20.773 9.138 -6.278 2.000
2.000 2.000 -6.558 22.456 8.981 -6.278 2.000
2.000 2.000 -6.531 23.246 10.705 -6.278 2.000
2.000 2.000 -6.478 28.298 12.386 -6.278 2.000
2.000 2.000 -6.451 30.594 12.055 -6.278 2.000
2.000 2.000 -6.424 34.240 15.010 -6.278 2.000
2.000 2.000 -6.398 37.263 15.331 -6.278 2.000
2.000 2.000 -6.371 50.113 19.711 -6.278 2.000
2.000 2.000 -6.344 63.283 20.193 -6.278 2.000
2.000 2.000 -6.211 48.305 20.424 -6.278 2.000
2.000 2.000 -6.184 42.827 17.829 -6.278 2.000
2.000 2.000 -6.158 40.557 15.870 -6.278 2.000
2.000 2.000 -6.131 33.897 12.326 -6.278 2.000
2.000 2.000 -5.891 22.206 9.420 -6.278 2.000
2.000 2.000 -5.811 20.061 8.754 -6.278 2.000
2.000 2.000 -5.731 19.686 6.854 -6.278 2.000
2.000 2.000 -5.651 19.234 7.206 -6.278 2.000
2.000 2.000 -5.571 19.384 6.310 -6.278 2.000
2.000 2.000 -5.491 19.575 6.270 -6.278 2.000
2.000 2.000 -5.411 20.134 5.874 -6.278 2.000
2.000 2.000 -5.331 22.328 6.099 -6.278 2.000
2.000 2.000 -5.251 24.733 6.091 -6.278 2.000
2.000 2.000 -5.171 29.289 6.005 -6.278 2.000
2.000 2.000 -5.091 31.440 5.974 -6.278 2.000
2.000 2.000 -5.011 35.163 6.234 -6.278 2.000
2.000 2.000 -4.931 40.536 6.447 -6.278 2.000
2.000 2.000 -4.851 43.458 6.756 -6.278 2.000
2.000 2.000 -4.771 51.713 7.228 -6.278 2.000
2.000 2.000 -4.691 59.800 7.926 -6.278 2.000
2.000 2.000 -4.611 73.365 9.063 -6.278 2.000
2.000 2.000 -4.558 88.005 10.270 -6.278 2.000
2.000 2.000 -4.531 96.959 11.025 -6.278 2.000
2.000 2.000 -4.504 108.469 12.127 -6.278 2.000
2.000 2.000 -4.478 123.833 13.495 -6.278 2.000
2.000 2.000 -4.451 144.831 15.409 -6.278 2.000
2.000 2.000 -4.424 171.455 18.176 -6.278 2.000
2.000 2.000 -4.398 218.301 22.481 -6.278 2.000
2.000 2.000 -4.371 292.128 30.261 -6.278 2.000
2.000 2.000 -4.344 455.072 42.586 -6.278 2.000
2.000 2.000 -4.211 317.723 33.751 -6.278 2.000
2.000 2.000 -4.184 239.262 26.684 -6.278 2.000
2.000 2.000 -4.158 196.134 20.861 -6.278 2.000
2.000 2.000 -4.131 165.175 17.403 -6.278 2.000
2.000 2.000 -4.104 142.312 14.935 -6.278 2.000
2.000 2.000 -4.078 125.191 13.206 -6.278 2.000
2.000 2.000 -4.051 113.149 11.966 -6.278 2.000
2.000 2.000 -4.024 103.108 10.911 -6.278 2.000
2.000 2.000 -3.998 94.439 10.089 -6.278 2.000
2.000 2.000 -3.971 85.850 9.377 -6.278 2.000
2.000 2.000 -3.891 70.811 7.943 -6.278 2.000
2.000 2.000 -3.811 58.671 6.579 -6.278 2.000
2.000 2.000 -3.731 48.562 6.003 -6.278 2.000
2.000 2.000 -3.651 42.806 5.509 -6.278 2.000
2.000 2.000 -3.571 36.248 4.937 -6.278 2.000
2.000 2.000 -3.491 31.129 4.738 -6.278 2.000
2.000 2.000 -3.411 26.925 4.511 -6.278 2.000
2.000 2.000 -3.331 24.920 4.385 -6.278 2.000
2.000 2.000 -3.251 21.307 4.311 -6.278 2.000
2.000 2.000 -3.171 17.644 3.941 -6.278 2.000
2.000 2.000 -3.091 15.502 4.209 -6.278 2.000
2.000 2.000 -3.011 13.327 3.898 -6.278 2.000
2.000 2.000 -2.931 12.507 4.013 -6.278 2.000
2.000 2.000 -2.851 12.219 4.154 -6.278 2.000
2.000 2.000 -2.771 14.123 4.422 -6.278 2.000
2.000 2.000 -2.691 18.412 4.885 -6.278 2.000
2.000 2.000 -2.611 22.919 5.258 -6.278 2.000
2.000 2.000 -2.558 26.791 5.735 -6.278 2.000
2.000 2.000 -2.531 30.251 6.089 -6.278 2.000
2.000 2.000 -2.504 32.421 6.570 -6.278 2.000
2.000 2.000 -2.478 37.238 7.154 -6.278 2.000
2.000 2.000 -2.451 46.935 7.932 -6.278 2.000
2.000 2.000 -2.424 54.981 8.880 -6.278 2.000
2.000 2.000 -2.398 72.262 10.557 -6.278 2.000
2.000 2.000 -2.371 99.713 13.503 -6.278 2.000
2.000 2.000 -2.344 168.371 18.444 -6.278 2.000
2.000 2.000 -2.211 79.991 13.230 -6.278 2.000
2.000 2.000 -2.184 62.513 10.704 -6.278 2.000
2.000 2.000 -2.158 50.145 8.616 -6.278 2.000
2.000 2.000 -2.131 42.308 7.502 -6.278 2.000
2.000 2.000 -2.104 39.210 6.794 -6.278 2.000
2.000 2.000 -2.078 33.851 6.273 -6.278 2.000
2.000 2.000 -2.051 29.489 5.366 -6.278 2.000
2.000 2.000 -2.024 26.186 5.891 -6.278 2.000
2.000 2.000 -1.998 26.281 4.818 -6.278 2.000
2.000 2.000 -1.971 26.047 5.327 -6.278 2.000
2.000 2.000 -1.891 20.388 3.895 -6.278 2.000
2.000 2.000 -1.731 17.339 3.207 -6.278 2.000
2.000 2.000 -1.571 18.650 2.771 -6.278 2.000
2.000 2.000 -1.491 19.580 2.688 -6.278 2.000
2.000 2.000 -1.411 23.093 2.732 -6.278 2.000
2.000 2.000 -1.251 30.896 3.006 -6.278 2.000
2.000 2.000 -1.171 34.940 2.780 -6.278 2.000
2.000 2.000 -1.091 41.303 2.774 -6.278 2.000
2.000 2.000 -1.011 50.380 2.952 -6.278 2.000
2.000 2.000 -0.931 58.666 3.138 -6.278 2.000
2.000 2.000 -0.851 70.558 3.404 -6.278 2.000
2.000 2.000 -0.771 84.172 3.851 -6.278 2.000
2.000 2.000 -0.691 83.220 3.972 -6.278 2.000
2.000 2.000 -0.611 45.981 3.301 -6.278 2.000
2.000 2.000 0.611 15.799 1.556 1.722 2.000
2.000 2.000 0.691 18.939 1.724 1.722 2.000
2.000 2.000 0.851 18.271 2.044 1.722 2.000
2.000 2.000 0.931 16.586 2.323 1.722 2.000
2.000 2.000 1.011 15.381 2.331 1.722 2.000
2.000 2.000 1.171 20.133 2.821 1.722 2.000
2.000 2.000 1.251 29.788 3.229 1.722 2.000
2.000 2.000 1.331 44.881 4.047 1.722 2.000
2.000 2.000 1.411 64.164 5.208 1.722 2.000
2.000 2.000 1.438 74.258 5.793 1.722 2.000
2.000 2.000 1.464 84.193 6.473 1.722 2.000
2.000 2.000 1.491 98.257 7.370 1.722 2.000
2.000 2.000 1.518 115.104 8.502 1.722 2.000
2.000 2.000 1.544 134.789 9.968 1.722 2.000
2.000 2.000 1.571 161.595 12.171 1.722 2.000
2.000 2.000 1.598 199.899 15.357 1.722 2.000
2.000 2.000 1.624 254.580 20.849 1.722 2.000
2.000 2.000 1.651 339.472 27.989 1.722 2.000
2.000 2.000 1.784 646.226 49.582 1.722 2.000
2.000 2.000 1.811 412.380 31.806 1.722 2.000
2.000 2.000 1.838 305.001 21.973 1.722 2.000
2.000 2.000 1.864 241.340 16.784 1.722 2.000
2.000 2.000 1.891 204.769 13.886 1.722 2.000
2.000 2.000 1.918 172.633 11.650 1.722 2.000
2.000 2.000 1.944 150.391 10.190 1.722 2.000
2.000 2.000 1.971 132.971 9.082 1.722 2.000
2.000 2.000 1.998 118.232 8.247 1.722 2.000
2.000 2.000 2.051 97.303 7.060 1.722 2.000
2.000 2.000 2.131 75.336 5.983 1.722 2.000
2.000 2.000 2.211 60.888 5.326 1.722 2.000
2.000 2.000 2.371 43.123 4.686 1.722 2.000
2.000 2.000 2.451 36.829 4.512 1.722 2.000
2.000 2.000 2.531 32.673 4.334 1.722 2.000
2.000 2.000 2.611 27.697 4.380 1.722 2.000
2.000 2.000 2.691 24.841 3.582 1.722 2.000
2.000 2.000 2.771 23.523 3.700 1.722 2.000
2.000 2.000 2.851 22.223 3.737 1.722 2.000
2.000 2.000 2.931 22.747 4.037 1.722 2.000
2.000 2.000 3.011 24.747 4.385 1.722 2.000
2.000 2.000 3.091 25.779 4.385 1.722 2.000
2.000 2.000 3.171 30.507 4.983 1.722 2.000
2.000 2.000 3.251 35.068 5.270 1.722 2.000
2.000 2.000 3.331 43.945 5.983 1.722 2.000
2.000 2.000 3.411 55.463 7.038 1.722 2.000
2.000 2.000 3.438 60.664 7.580 1.722 2.000
2.000 2.000 3.464 67.832 8.180 1.722 2.000
2.000 2.000 3.491 76.012 8.965 1.722 2.000
2.000 2.000 3.518 85.231 9.910 1.722 2.000
2.000 2.000 3.544 97.489 11.230 1.722 2.000
2.000 2.000 3.571 113.889 13.023 1.722 2.000
2.000 2.000 3.598 137.076 15.660 1.722 2.000
2.000 2.000 3.624 172.379 20.050 1.722 2.000
2.000 2.000 3.651 232.940 25.490 1.722 2.000
2.000 2.000 3.784 218.577 25.481 1.722 2.000
2.000 2.000 3.811 140.850 19.282 1.722 2.000
2.000 2.000 3.838 105.045 15.195 1.722 2.000
2.000 2.000 3.864 79.884 12.284 1.722 2.000
2.000 2.000 3.891 64.086 11.100 1.722 2.000
2.000 2.000 3.918 50.234 9.719 1.722 2.000
2.000 2.000 3.944 41.617 8.711 1.722 2.000
2.000 2.000 3.971 36.468 8.188 1.722 2.000
2.000 2.000 3.998 29.709 8.149 1.722 2.000
2.000 2.000 4.051 21.482 7.212 1.722 2.000
2.000 2.000 4.131 16.789 6.163 1.722 2.000
2.000 2.000 4.211 19.039 5.693 1.722 2.000
2.000 2.000 4.291 21.031 5.257 1.722 2.000
2.000 2.000 4.371 24.844 5.376 1.722 2.000
2.000 2.000 4.451 28.063 5.524 1.722 2.000
2.000 2.000 4.531 29.808 5.261 1.722 2.000
2.000 2.000 4.611 34.320 5.743 1.722 2.000
2.000 2.000 4.691 36.640 5.783 1.722 2.000
2.000 2.000 4.771 40.716 5.992 1.722 2.000
2.000 2.000 4.851 43.833 6.034 1.722 2.000
2.000 2.000 4.931 46.859 6.336 1.722 2.000
2.000 2.000 5.011 49.984 6.509 1.722 2.000
2.000 2.000 5.091 55.108 6.904 1.722 2.000
2.000 2.000 5.171 60.926 7.445 1.722 2.000
2.000 2.000 5.251 67.087 8.172 1.722 2.000
2.000 2.000 5.331 77.362 9.243 1.722 2.000
2.000 2.000 5.411 91.431 10.861 1.722 2.000
2.000 2.000 5.438 100.158 11.714 1.722 2.000
2.000 2.000 5.464 108.629 12.606 1.722 2.000
2.000 2.000 5.491 118.712 13.797 1.722 2.000
2.000 2.000 5.518 131.789 15.361 1.722 2.000
2.000 2.000 5.544 150.057 17.400 1.722 2.000
2.000 2.000 5.571 173.915 20.283 1.722 2.000
2.000 2.000 5.598 212.198 24.511 1.722 2.000
2.000 2.000 5.624 264.373 31.663 1.722 2.000
2.000 2.000 5.651 373.185 41.274 1.722 2.000
2.000 2.000 5.784 298.324 36.355 1.722 2.000
2.000 2.000 5.838 169.537 24.983 1.722 2.000
2.000 2.000 5.864 133.717 20.919 1.722 2.000
2.000 2.000 5.891 111.031 16.602 1.722 2.000
2.000 2.000 5.918 97.100 16.024 1.722 2.000
2.000 2.000 5.944 84.663 13.487 1.722 2.000
2.000 2.000 5.971 75.450 12.640 1.722 2.000
2.000 2.000 5.998 66.820 11.173 1.722 2.000
2.000 2.000 6.051 56.318 10.259 1.722 2.000
2.000 2.000 6.131 41.869 9.111 1.722 2.000
2.000 2.000 6.211 33.680 8.030 1.722 2.000
2.000 2.000 6.291 28.514 7.341 1.722 2.000
2.000 2.000 6.371 22.454 6.334 1.722 2.000
2.000 2.000 6.451 18.444 5.981 1.722 2.000
2.000 2.000 6.531 15.519 5.854 1.722 2.000
2.000 2.000 6.851 14.267 5.704 1.722 2.000
2.000 2.000 6.931 15.459 5.732 1.722 2.000
2.000 2.000 7.011 18.673 6.743 1.722 2.000
2.000 2.000 7.091 19.103 7.969 1.722 2.000
2.000 2.000 7.171 22.939 7.399 1.722 2.000
2.000 2.000 7.251 23.940 8.707 1.722 2.000
2.000 2.000 7.331 27.710 9.797 1.722 2.000
2.000 2.000 7.411 31.374 11.098 1.722 2.000
2.000 2.000 7.438 33.894 13.135 1.722 2.000
2.000 2.000 7.464 35.032 13.616 1.722 2.000
2.000 2.000 7.491 37.802 15.235 1.722 2.000
2.000 2.000 7.518 41.803 16.361 1.722 2.000
2.000 2.000 7.544 38.919 15.277 1.722 2.000
2.000 2.000 7.571 47.112 24.667 1.722 2.000
2.000 2.000 7.598 42.358 23.000 1.722 2.000
2.000 2.000 7.624 47.041 24.264 1.722 2.000
2.000 2.000 7.651 60.265 25.636 1.722 2.000
3.000 -0.000 -7.731 30.016 11.057 -7.000 6.000
3.000 -0.000 -7.651 23.603 10.354 -7.000 6.000
3.000 -0.000 -7.491 18.861 9.445 -7.000 6.000
3.000 -0.000 -7.331 25.324 8.501 -7.000 6.000
3.000 -0.000 -7.251 23.771 8.665 -7.000 6.000
3.000 -0.000 -7.171 25.680 8.819 -7.000 6.000
3.000 -0.000 -7.091 19.916 6.953 -7.000 6.000
3.000 -0.000 -7.011 464.220 18.174 -7.000 6.000
3.000 -0.000 -6.931 35.621 7.800 -7.000 6.000
3.000 -0.000 -6.851 24.405 7.013 -7.000 6.000
3.000 -0.000 -6.771 23.361 6.814 -7.000 6.000
3.000 -0.000 -6.691 18.826 6.578 -7.000 6.000
3.000 -0.000 -6.611 20.307 6.871 -7.000 6.000
3.000 -0.000 -6.531 19.044 6.466 -7.000 6.000
3.000 -0.000 -6.451 18.348 6.750 -7.000 6.000
3.000 -0.000 -6.371 17.738 6.320 -7.000 6.000
3.000 -0.000 -6.291 17.239 6.829 -7.000 6.000
3.000 -0.000 -6.211 18.043 6.717 -7.000 6.000
3.000 -0.000 -6.131 14.659 6.282 -7.000 6.000
3.000 -0.000 -6.051 17.873 6.931 -7.000 6.000
3.000 -0.000 -5.971 15.234 7.107 -7.000 6.000
3.000 -0.000 -4.371 9.968 5.451 -7.000 6.000
3.000 -0.000 -4.291 11.849 5.793 -7.000 6.000
3.000 -0.000 -4.211 14.191 5.804 -7.000 6.000
3.000 -0.000 -4.131 16.228 5.599 -7.000 6.000
3.000 -0.000 -4.051 17.297 5.680 -7.000 6.000
3.000 -0.000 -3.971 19.333 5.906 -7.000 6.000
3.000 -0.000 -3.891 19.295 5.592 -7.000 6.000
3.000 -0.000 -3.811 21.063 5.429 -7.000 6.000
3.000 -0.000 -3.731 20.561 4.906 -7.000 6.000
3.000 -0.000 -3.651 19.693 4.985 -7.000 6.000
3.000 -0.000 -3.571 20.706 4.894 -7.000 6.000
3.000 -0.000 -3.491 19.571 4.694 -7.000 6.000
3.000 -0.000 -3.411 20.161 4.511 -7.000 6.000
3.000 -0.000 -3.331 20.151 4.505 -7.000 6.000
3.000 -0.000 -3.251 19.117 4.195 -7.000 6.000
3.000 -0.000 -3.171 20.771 4.410 -7.000 6.000
3.000 -0.000 -3.091 20.363 4.246 -7.000 6.000
3.000 -0.000 -2.931 20.627 4.179 -7.000 6.000
3.000 -0.000 -2.851 19.269 4.135 -7.000 6.000
3.000 -0.000 -2.771 18.178 3.544 -7.000 6.000
3.000 -0.000 -2.691 18.022 3.657 -7.000 6.000
3.000 -0.000 -2.611 17.136 3.814 -7.000 6.000
3.000 -0.000 -2.531 14.609 3.587 -7.000 6.000
3.000 -0.000 -2.451 11.937 3.332 -7.000 6.000
3.000 -0.000 -2.371 10.585 3.278 -7.000 6.000
3.000 -0.000 -2.291 8.665 3.416 -7.000 6.000
3.000 -0.000 -2.211 9.403 3.505 -7.000 6.000
3.000 -0.000 -2.131 10.129 3.477 -7.000 6.000
3.000 -0.000 -2.051 10.485 3.006 -7.000 6.000
3.000 -0.000 -1.971 11.502 3.675 -7.000 6.000
3.000 -0.000 -1.891 12.921 3.571 -7.000 6.000
3.000 -0.000 -1.811 14.480 3.674 -7.000 6.000
3.000 -0.000 -1.731 15.984 3.794 -7.000 6.000
3.000 -0.000 -1.651 16.563 3.974 -7.000 6.000
3.000 -0.000 -1.571 18.751 4.003 -7.000 6.000
3.000 -0.000 -1.491 20.390 4.369 -7.000 6.000
3.000 -0.000 -1.411 20.935 4.516 -7.000 6.000
3.000 -0.000 -1.331 24.056 4.922 -7.000 6.000
3.000 -0.000 -1.278 26.017 5.308 -7.000 6.000
3.000 -0.000 -1.251 27.564 5.790 -7.000 6.000
3.000 -0.000 -1.224 30.033 5.805 -7.000 6.000
3.000 -0.000 -1.198 33.097 6.321 -7.000 6.000
3.000 -0.000 -1.171 37.023 7.350 -7.000 6.000
3.000 -0.000 -1.144 42.684 7.678 -7.000 6.000
3.000 -0.000 -1.118 50.412 8.055 -7.000 6.000
3.000 -0.000 -1.091 69.136 8.949 -7.000 6.000
3.000 -0.000 -0.931 19.189 5.661 -7.000 6.000
3.000 -0.000 -0.904 14.451 5.561 -7.000 6.000
3.000 -0.000 -0.718 10.246 3.390 -7.000 6.000
3.000 -0.000 -0.691 9.407 2.859 -7.000 6.000
3.000 -0.000 -0.611 8.337 2.320 -7.000 6.000
3.000 0.000 0.611 9.537 2.432 1.000 6.000
3.000 0.000 0.691 10.103 3.123 1.000 6.000
3.000 0.000 0.718 11.142 3.474 1.000 6.000
3.000 0.000 0.878 24.487 5.381 1.000 6.000
3.000 0.000 0.904 40.791 6.795 1.000 6.000
3.000 0.000 0.931 51.204 7.737 1.000 6.000
3.000 0.000 1.064 88.532 10.050 1.000 6.000
3.000 0.000 1.091 59.101 8.406 1.000 6.000
3.000 0.000 1.118 47.693 7.723 1.000 6.000
3.000 0.000 1.144 39.398 7.305 1.000 6.000
3.000 0.000 1.171 35.508 7.044 1.000 6.000
3.000 0.000 1.198 30.619 6.417 1.000 6.000
3.000 0.000 1.224 28.590 5.889 1.000 6.000
3.000 0.000 1.251 27.162 5.662 1.000 6.000
3.000 0.000 1.278 25.150 5.307 1.000 6.000
3.000 0.000 1.331 23.704 4.745 1.000 6.000
3.000 0.000 1.411 20.867 4.564 1.000 6.000
3.000 0.000 1.491 19.790 4.187 1.000 6.000
3.000 0.000 1.571 17.706 4.110 1.000 6.000
3.000 0.000 1.651 16.422 3.888 1.000 6.000
3.000 0.000 1.731 15.191 3.596 1.000 6.000
3.000 0.000 1.811 13.967 4.120 1.000 6.000
3.000 0.000 1.891 13.174 3.621 1.000 6.000
3.000 0.000 1.971 11.983 3.679 1.000 6.000
3.000 0.000 2.051 10.516 3.405 1.000 6.000
3.000 0.000 2.131 10.189 3.317 1.000 6.000
3.000 0.000 2.211 11.402 3.537 1.000 6.000
3.000 0.000 2.291 13.137 3.622 1.000 6.000
3.000 0.000 2.371 15.336 4.132 1.000 6.000
3.000 0.000 2.451 16.119 4.269 1.000 6.000
3.000 0.000 2.531 16.984 4.047 1.000 6.000
3.000 0.000 2.611 18.774 3.978 1.000 6.000
3.000 0.000 2.691 19.071 4.216 1.000 6.000
3.000 0.000 2.771 19.539 4.361 1.000 6.000
3.000 0.000 2.851 21.331 4.198 1.000 6.000
3.000 0.000 2.931 20.821 4.267 1.000 6.000
3.000 0.000 3.091 21.808 5.146 1.000 6.000
3.000 0.000 3.171 21.714 4.838 1.000 6.000
3.000 0.000 3.251 21.507 4.133 1.000 6.000
3.000 0.000 3.331 19.936 4.858 1.000 6.000
3.000 0.000 3.411 20.584 5.049 1.000 6.000
3.000 0.000 3.491 20.571 4.960 1.000 6.000
3.000 0.000 3.571 19.417 4.998 1.000 6.000
3.000 0.000 3.651 18.971 5.001 1.000 6.000
3.000 0.000 3.731 19.885 5.101 1.000 6.000
3.000 0.000 3.811 19.502 4.834 1.000 6.000
3.000 0.000 3.891 18.714 5.405 1.000 6.000
3.000 0.000 3.971 18.655 5.507 1.000 6.000
3.000 0.000 4.051 17.148 5.767 1.000 6.000
3.000 0.000 4.131 16.398 5.907 1.000 6.000
3.000 0.000 4.211 14.937 5.919 1.000 6.000
3.000 0.000 4.291 13.478 6.226 1.000 6.000
3.000 0.000 4.371 12.439 7.111 1.000 6.000
3.000 0.000 5.811 20.505 8.080 1.000 6.000
3.000 0.000 5.891 20.129 8.155 1.000 6.000
3.000 0.000 5.971 19.460 7.747 1.000 6.000
3.000 0.000 6.051 19.964 6.986 1.000 6.000
3.000 0.000 6.131 19.582 6.871 1.000 6.000
3.000 0.000 6.211 19.111 7.454 1.000 6.000
3.000 0.000 6.291 21.289 7.422 1.000 6.000
3.000 0.000 6.371 19.915 7.271 1.000 6.000
3.000 0.000 6.451 20.013 6.587 1.000 6.000
3.000 0.000 6.531 19.970 6.739 1.000 6.000
3.000 0.000 6.611 23.243 6.783 1.000 6.000
3.000 0.000 6.691 22.129 6.541 1.000 6.000
3.000 0.000 6.771 23.411 6.970 1.000 6.000
3.000 0.000 6.851 27.052 7.014 1.000 6.000
3.000 0.000 6.931 43.713 7.773 1.000 6.000
3.000 0.000 7.011 85.442 9.441 1.000 6.000
3.000 0.000 7.091 32.377 9.188 1.000 6.000
3.000 0.000 7.171 28.069 9.144 1.000 6.000
3.000 0.000 7.251 24.005 9.103 1.000 6.000
3.000 0.000 7.331 17.965 7.496 1.000 6.000
3.000 0.000 7.411 18.265 8.265 1.000 6.000
3.000 0.000 7.491 18.741 8.147 1.000 6.000
